1	0.0000000400	0.0000001900
2	0.0000000400	0.0000002000
3	0.0000000400	0.0000001800
4	0.0000000400	0.0000001900
5	0.0000000500	0.0000002100
6	0.0000000500	0.0000001900
7	0.0000000600	0.0000001900
8	0.0000000600	0.0000002100
9	0.0000000700	0.0000001700
10	0.0000000700	0.0000001900
11	0.0000000800	0.0000001900
12	0.0000001000	0.0000001800
13	0.0000001000	0.0000002000
14	0.0000001000	0.0000002000
15	0.0000001000	0.0000002100
16	0.0000001000	0.0000002000
17	0.0000001100	0.0000002000
18	0.0000001200	0.0000001900
19	0.0000001200	0.0000002000
20	0.0000001300	0.0000001900
21	0.0000001300	0.0000002200
22	0.0000001600	0.0000002100
23	0.0000001500	0.0000002200
24	0.0000001500	0.0000002000
25	0.0000001600	0.0000001900
26	0.0000001700	0.0000002100
27	0.0000001800	0.0000002200
28	0.0000001800	0.0000002100
29	0.0000001700	0.0000001900
30	0.0000001800	0.0000002000
31	0.0000001900	0.0000002200
32	0.0000001800	0.0000002400
33	0.0000001900	0.0000002200
34	0.0000002100	0.0000002000
35	0.0000002200	0.0000002400
36	0.0000002000	0.0000002400
37	0.0000002300	0.0000002100
38	0.0000002100	0.0000002300
39	0.0000002300	0.0000002500
40	0.0000002400	0.0000002300
41	0.0000002500	0.0000002300
42	0.0000002500	0.0000002500
43	0.0000002400	0.0000002500
44	0.0000003700	0.0000002400
45	0.0000002700	0.0000002200
46	0.0000002800	0.0000002300
47	0.0000002600	0.0000002200
48	0.0000002900	0.0000002300
49	0.0000002800	0.0000002300
50	0.0000002800	0.0000002600
51	0.0000002900	0.0000002500
52	0.0000003200	0.0000002300
53	0.0000003400	0.0000002800
54	0.0000003000	0.0000002500
55	0.0000003500	0.0000002400
56	0.0000003000	0.0000002300
57	0.0000003400	0.0000002700
58	0.0000003200	0.0000002600
59	0.0000003200	0.0000002600
60	0.0000003500	0.0000002500
61	0.0000003500	0.0000002400
62	0.0000003400	0.0000002400
63	0.0000003400	0.0000002600
64	0.0000003500	0.0000002400
65	0.0000003500	0.0000002500
66	0.0000003600	0.0000002400
67	0.0000003600	0.0000002500
68	0.0000003800	0.0000002300
69	0.0000004000	0.0000002600
70	0.0000004000	0.0000002400
71	0.0000003900	0.0000002300
72	0.0000006100	0.0000004300
73	0.0000004100	0.0000002600
74	0.0000004300	0.0000002300
75	0.0000004200	0.0000002300
76	0.0000004400	0.0000002400
77	0.0000004300	0.0000002400
78	0.0000004400	0.0000002400
79	0.0000004400	0.0000002700
80	0.0000004600	0.0000002200
81	0.0000004600	0.0000002200
82	0.0000004500	0.0000002500
83	0.0000004800	0.0000002100
84	0.0000005100	0.0000002300
85	0.0000004900	0.0000002400
86	0.0000004700	0.0000002400
87	0.0000005000	0.0000002300
88	0.0000004900	0.0000002300
89	0.0000005500	0.0000002400
90	0.0000005000	0.0000002200
91	0.0000005000	0.0000002400
92	0.0000005300	0.0000002300
93	0.0000005100	0.0000002400
94	0.0000005300	0.0000002200
95	0.0000005700	0.0000002300
96	0.0000005200	0.0000002200
97	0.0000005300	0.0000002400
98	0.0000008200	0.0000002600
99	0.0000006100	0.0000002200
100	0.0000005900	0.0000002400
101	0.0000005900	0.0000002200
102	0.0000006200	0.0000002400
103	0.0000005900	0.0000002300
104	0.0000006000	0.0000002400
105	0.0000006400	0.0000002500
106	0.0000005900	0.0000002800
107	0.0000006300	0.0000002600
108	0.0000006400	0.0000002300
109	0.0000006400	0.0000002500
110	0.0000006300	0.0000002600
111	0.0000006700	0.0000002700
112	0.0000006500	0.0000002400
113	0.0000006200	0.0000002300
114	0.0000006400	0.0000002400
115	0.0000006500	0.0000002600
116	0.0000006600	0.0000002100
117	0.0000006400	0.0000002200
118	0.0000006500	0.0000002100
119	0.0000007000	0.0000002500
120	0.0000007000	0.0000002600
121	0.0000007500	0.0000002100
122	0.0000007000	0.0000002100
123	0.0000006900	0.0000002100
124	0.0000006900	0.0000002400
125	0.0000006800	0.0000002300
126	0.0000007000	0.0000002300
127	0.0000006900	0.0000002200
128	0.0000007400	0.0000002500
129	0.0000006900	0.0000002500
130	0.0000007400	0.0000002400
131	0.0000007000	0.0000002200
132	0.0000007400	0.0000002300
133	0.0000007300	0.0000002500
134	0.0000007200	0.0000002400
135	0.0000007400	0.0000002200
136	0.0000007600	0.0000002500
137	0.0000007700	0.0000002400
138	0.0000007900	0.0000002300
139	0.0000008300	0.0000002500
140	0.0000007700	0.0000002200
141	0.0000007600	0.0000002300
142	0.0000008200	0.0000002600
143	0.0000008300	0.0000002500
144	0.0000008300	0.0000002200
145	0.0000008400	0.0000002700
146	0.0000008200	0.0000003300
147	0.0000008300	0.0000002400
148	0.0000008100	0.0000002200
149	0.0000008300	0.0000002300
150	0.0000008800	0.0000002500
151	0.0000008300	0.0000002200
152	0.0000008300	0.0000002400
153	0.0000008700	0.0000002400
154	0.0000008400	0.0000002300
155	0.0000008700	0.0000003000
156	0.0000008900	0.0000002200
157	0.0000008600	0.0000002300
158	0.0000008800	0.0000002700
159	0.0000008800	0.0000002800
160	0.0000009300	0.0000002600
161	0.0000009000	0.0000002800
162	0.0000009000	0.0000002200
163	0.0000009300	0.0000002700
164	0.0000009600	0.0000003000
165	0.0000009300	0.0000002600
166	0.0000009300	0.0000002200
167	0.0000009500	0.0000002800
168	0.0000009000	0.0000002500
169	0.0000009800	0.0000002400
170	0.0000009200	0.0000002400
171	0.0000009300	0.0000002400
172	0.0000009300	0.0000002500
173	0.0000009500	0.0000002400
174	0.0000009800	0.0000002200
175	0.0000010200	0.0000002300
176	0.0000010200	0.0000002400
177	0.0000009700	0.0000002500
178	0.0000010000	0.0000002400
179	0.0000010100	0.0000002700
180	0.0000010200	0.0000002200
181	0.0000009900	0.0000002600
182	0.0000010300	0.0000002400
183	0.0000010100	0.0000002700
184	0.0000010500	0.0000002300
185	0.0000010700	0.0000003400
186	0.0000010500	0.0000002300
187	0.0000010500	0.0000002700
188	0.0000010700	0.0000002500
189	0.0000010700	0.0000003900
190	0.0000010700	0.0000002700
191	0.0000010700	0.0000002800
192	0.0000010700	0.0000002500
193	0.0000010800	0.0000002400
194	0.0000011100	0.0000002500
195	0.0000010800	0.0000002500
196	0.0000011500	0.0000002500
197	0.0000011100	0.0000002600
198	0.0000011400	0.0000002300
199	0.0000011100	0.0000002500
200	0.0000011200	0.0000002500
201	0.0000011700	0.0000002500
202	0.0000011400	0.0000002700
203	0.0000011700	0.0000002500
204	0.0000011200	0.0000002400
205	0.0000011200	0.0000002300
206	0.0000011600	0.0000002700
207	0.0000011400	0.0000002500
208	0.0000011400	0.0000003200
209	0.0000011500	0.0000002400
210	0.0000012100	0.0000002800
211	0.0000012200	0.0000002700
212	0.0000012300	0.0000002600
213	0.0000011600	0.0000002400
214	0.0000011600	0.0000002300
215	0.0000012100	0.0000002200
216	0.0000012500	0.0000002500
217	0.0000012400	0.0000002600
218	0.0000012400	0.0000002400
219	0.0000015000	0.0000002300
220	0.0000012000	0.0000002400
221	0.0000012500	0.0000002600
222	0.0000012300	0.0000002400
223	0.0000012500	0.0000003000
224	0.0000012600	0.0000002500
225	0.0000012700	0.0000002600
226	0.0000012700	0.0000002600
227	0.0000012700	0.0000002700
228	0.0000012800	0.0000002800
229	0.0000012800	0.0000003000
230	0.0000014900	0.0000002700
231	0.0000012600	0.0000002800
232	0.0000013000	0.0000002500
233	0.0000013400	0.0000003100
234	0.0000012800	0.0000003100
235	0.0000012900	0.0000002900
236	0.0000013500	0.0000002800
237	0.0000013500	0.0000003200
238	0.0000013300	0.0000002900
239	0.0000013300	0.0000002800
240	0.0000013300	0.0000003500
241	0.0000013500	0.0000003100
242	0.0000013700	0.0000003100
243	0.0000013700	0.0000002900
244	0.0000013700	0.0000002900
245	0.0000013500	0.0000002800
246	0.0000014000	0.0000003000
247	0.0000014000	0.0000003100
248	0.0000013900	0.0000003000
249	0.0000014200	0.0000003100
250	0.0000013800	0.0000004000
251	0.0000014700	0.0000003000
252	0.0000014000	0.0000002800
253	0.0000014400	0.0000003100
254	0.0000014200	0.0000002800
255	0.0000014500	0.0000003200
256	0.0000014300	0.0000003100
257	0.0000014700	0.0000002800
258	0.0000014700	0.0000003300
259	0.0000014900	0.0000003000
260	0.0000014700	0.0000002700
261	0.0000014800	0.0000003100
262	0.0000014900	0.0000002700
263	0.0000015100	0.0000003800
264	0.0000015100	0.0000003000
265	0.0000015200	0.0000003000
266	0.0000014900	0.0000003000
267	0.0000015200	0.0000003200
268	0.0000015900	0.0000002900
269	0.0000015600	0.0000003200
270	0.0000018700	0.0000003200
271	0.0000015400	0.0000002700
272	0.0000015300	0.0000002800
273	0.0000015400	0.0000003700
274	0.0000015400	0.0000002800
275	0.0000016100	0.0000002900
276	0.0000015600	0.0000003200
277	0.0000015900	0.0000003500
278	0.0000016100	0.0000003500
279	0.0000016500	0.0000003000
280	0.0000015900	0.0000003200
281	0.0000015900	0.0000002900
282	0.0000016400	0.0000003100
283	0.0000016200	0.0000003200
284	0.0000016200	0.0000003200
285	0.0000016500	0.0000002800
286	0.0000016300	0.0000002900
287	0.0000016300	0.0000003200
288	0.0000016700	0.0000003200
289	0.0000016200	0.0000003100
290	0.0000016600	0.0000002800
291	0.0000016500	0.0000003400
292	0.0000016500	0.0000002900
293	0.0000016600	0.0000002900
294	0.0000016600	0.0000002900
295	0.0000017600	0.0000003100
296	0.0000017700	0.0000003000
297	0.0000017700	0.0000003500
298	0.0000017900	0.0000003200
299	0.0000017700	0.0000003200
300	0.0000018100	0.0000003100
301	0.0000017800	0.0000003100
302	0.0000017600	0.0000004000
303	0.0000017800	0.0000003000
304	0.0000017700	0.0000003000
305	0.0000019300	0.0000003300
306	0.0000018900	0.0000003400
307	0.0000018400	0.0000003300
308	0.0000018100	0.0000002800
309	0.0000019300	0.0000003300
310	0.0000018200	0.0000002800
311	0.0000018600	0.0000003400
312	0.0000018900	0.0000002900
313	0.0000020000	0.0000003400
314	0.0000018300	0.0000002700
315	0.0000019000	0.0000003000
316	0.0000020400	0.0000003400
317	0.0000019900	0.0000003200
318	0.0000019300	0.0000003200
319	0.0000018800	0.0000003200
320	0.0000019800	0.0000003100
321	0.0000020900	0.0000003300
322	0.0000019100	0.0000003200
323	0.0000019400	0.0000002900
324	0.0000020600	0.0000003200
325	0.0000020500	0.0000002700
326	0.0000020500	0.0000003600
327	0.0000019000	0.0000003500
328	0.0000021300	0.0000003300
329	0.0000021000	0.0000003000
330	0.0000020700	0.0000002900
331	0.0000019700	0.0000003000
332	0.0000021200	0.0000003100
333	0.0000021100	0.0000003100
334	0.0000019900	0.0000003000
335	0.0000020200	0.0000003400
336	0.0000021700	0.0000003000
337	0.0000021600	0.0000003000
338	0.0000022100	0.0000002800
339	0.0000020400	0.0000003000
340	0.0000021000	0.0000002800
341	0.0000022300	0.0000002900
342	0.0000020600	0.0000002900
343	0.0000019800	0.0000003200
344	0.0000021600	0.0000003200
345	0.0000022100	0.0000002900
346	0.0000020700	0.0000002900
347	0.0000020100	0.0000003200
348	0.0000020600	0.0000003400
349	0.0000020800	0.0000002900
350	0.0000021100	0.0000002900
351	0.0000020000	0.0000003100
352	0.0000021700	0.0000003200
353	0.0000022500	0.0000003000
354	0.0000021200	0.0000003100
355	0.0000021200	0.0000003100
356	0.0000022400	0.0000002900
357	0.0000022500	0.0000003400
358	0.0000023500	0.0000003100
359	0.0000021600	0.0000003300
360	0.0000023900	0.0000003200
361	0.0000021900	0.0000003300
362	0.0000021500	0.0000003200
363	0.0000022100	0.0000003600
364	0.0000023500	0.0000003200
365	0.0000020800	0.0000003300
366	0.0000022100	0.0000003300
367	0.0000021500	0.0000003000
368	0.0000022500	0.0000003400
369	0.0000023100	0.0000002900
370	0.0000022600	0.0000003300
371	0.0000022800	0.0000003100
372	0.0000023800	0.0000002900
373	0.0000024500	0.0000003300
374	0.0000024800	0.0000003300
375	0.0000023100	0.0000003600
376	0.0000024900	0.0000003100
377	0.0000024100	0.0000003300
378	0.0000026500	0.0000003200
379	0.0000033600	0.0000003900
380	0.0000028400	0.0000003900
381	0.0000030100	0.0000003800
382	0.0000030000	0.0000003700
383	0.0000030100	0.0000003800
384	0.0000025200	0.0000003200
385	0.0000025000	0.0000003000
386	0.0000024700	0.0000003100
387	0.0000023900	0.0000003200
388	0.0000025500	0.0000003200
389	0.0000023600	0.0000003300
390	0.0000026500	0.0000003600
391	0.0000024300	0.0000003500
392	0.0000025600	0.0000003300
393	0.0000025500	0.0000003000
394	0.0000024800	0.0000003100
395	0.0000025600	0.0000003200
396	0.0000028000	0.0000003300
397	0.0000026000	0.0000003100
398	0.0000026200	0.0000003200
399	0.0000024700	0.0000003300
400	0.0000026100	0.0000003600
401	0.0000026800	0.0000003500
402	0.0000025400	0.0000005900
403	0.0000029400	0.0000007300
404	0.0000064400	0.0000007200
405	0.0000064000	0.0000007700
406	0.0000046700	0.0000003400
407	0.0000024800	0.0000004000
408	0.0000025900	0.0000003500
409	0.0000026100	0.0000003000
410	0.0000025100	0.0000003100
411	0.0000024900	0.0000003400
412	0.0000026000	0.0000003300
413	0.0000026000	0.0000003600
414	0.0000024700	0.0000003600
415	0.0000031700	0.0000003900
416	0.0000032300	0.0000003700
417	0.0000026400	0.0000003600
418	0.0000025800	0.0000003900
419	0.0000025500	0.0000003900
420	0.0000026600	0.0000003700
421	0.0000025700	0.0000003200
422	0.0000028700	0.0000003300
423	0.0000024700	0.0000003100
424	0.0000025900	0.0000003800
425	0.0000025900	0.0000003400
426	0.0000027000	0.0000004300
427	0.0000032300	0.0000003900
428	0.0000029800	0.0000003400
429	0.0000025100	0.0000003200
430	0.0000026800	0.0000003100
431	0.0000026900	0.0000003100
432	0.0000032800	0.0000004100
433	0.0000032600	0.0000004200
434	0.0000026100	0.0000003800
435	0.0000026800	0.0000003400
436	0.0000027000	0.0000003400
437	0.0000027200	0.0000003300
438	0.0000027700	0.0000003200
439	0.0000026800	0.0000003200
440	0.0000033800	0.0000003800
441	0.0000033900	0.0000004100
442	0.0000027800	0.0000003400
443	0.0000026900	0.0000003100
444	0.0000028700	0.0000003900
445	0.0000028400	0.0000003500
446	0.0000027500	0.0000003700
447	0.0000028800	0.0000003700
448	0.0000028600	0.0000004400
449	0.0000029000	0.0000003800
450	0.0000027500	0.0000004700
451	0.0000028000	0.0000004000
452	0.0000029000	0.0000004300
453	0.0000028000	0.0000003200
454	0.0000027900	0.0000003400
455	0.0000028600	0.0000003900
456	0.0000028800	0.0000003300
457	0.0000028700	0.0000003400
458	0.0000028600	0.0000003400
459	0.0000027900	0.0000003500
460	0.0000029000	0.0000003700
461	0.0000028400	0.0000003600
462	0.0000027800	0.0000003300
463	0.0000029300	0.0000003300
464	0.0000030400	0.0000003600
465	0.0000030000	0.0000003500
466	0.0000029800	0.0000003200
467	0.0000027900	0.0000003400
468	0.0000029500	0.0000003200
469	0.0000030700	0.0000003800
470	0.0000028000	0.0000003700
471	0.0000028600	0.0000003700
472	0.0000030600	0.0000003700
473	0.0000030100	0.0000003700
474	0.0000030000	0.0000003600
475	0.0000027700	0.0000003400
476	0.0000028200	0.0000003700
477	0.0000029500	0.0000003600
478	0.0000028500	0.0000003500
479	0.0000029700	0.0000003700
480	0.0000030300	0.0000003900
481	0.0000030900	0.0000003700
482	0.0000027800	0.0000003300
483	0.0000029600	0.0000003600
484	0.0000029900	0.0000004000
485	0.0000028900	0.0000003800
486	0.0000029900	0.0000003500
487	0.0000030700	0.0000003500
488	0.0000045900	0.0000004400
489	0.0000037900	0.0000004100
490	0.0000030800	0.0000003500
491	0.0000031100	0.0000003500
492	0.0000032500	0.0000003400
493	0.0000030200	0.0000004000
494	0.0000030600	0.0000003800
495	0.0000030800	0.0000003700
496	0.0000031500	0.0000003300
497	0.0000031500	0.0000004100
498	0.0000032400	0.0000004000
499	0.0000031000	0.0000004000
500	0.0000032000	0.0000004600
501	0.0000032300	0.0000003200
502	0.0000031500	0.0000003600
503	0.0000032100	0.0000003500
504	0.0000032300	0.0000003900
505	0.0000033100	0.0000003500
506	0.0000031200	0.0000003800
507	0.0000032000	0.0000003500
508	0.0000031300	0.0000003300
509	0.0000028500	0.0000003700
510	0.0000031000	0.0000003800
511	0.0000031400	0.0000003700
512	0.0000033100	0.0000003300
513	0.0000033200	0.0000003800
514	0.0000031200	0.0000004600
515	0.0000032900	0.0000003900
516	0.0000033400	0.0000003700
517	0.0000032700	0.0000004800
518	0.0000032400	0.0000004000
519	0.0000031300	0.0000003800
520	0.0000031800	0.0000003400
521	0.0000034100	0.0000003800
522	0.0000031700	0.0000004100
523	0.0000031500	0.0000004000
524	0.0000030600	0.0000003900
525	0.0000032000	0.0000004100
526	0.0000031400	0.0000004000
527	0.0000031800	0.0000003700
528	0.0000033300	0.0000003700
529	0.0000033000	0.0000004300
530	0.0000032200	0.0000004900
531	0.0000031900	0.0000004100
532	0.0000033100	0.0000003800
533	0.0000033600	0.0000003600
534	0.0000034200	0.0000003900
535	0.0000031700	0.0000003800
536	0.0000033600	0.0000004200
537	0.0000031500	0.0000004000
538	0.0000033500	0.0000004000
539	0.0000033200	0.0000004700
540	0.0000034300	0.0000003500
541	0.0000034200	0.0000004000
542	0.0000032400	0.0000004100
543	0.0000032200	0.0000004300
544	0.0000034500	0.0000004100
545	0.0000030100	0.0000004100
546	0.0000033700	0.0000003600
547	0.0000034100	0.0000004400
548	0.0000035100	0.0000004900
549	0.0000034300	0.0000004000
550	0.0000032300	0.0000004100
551	0.0000043600	0.0000004700
552	0.0000033700	0.0000003700
553	0.0000034800	0.0000004600
554	0.0000036000	0.0000004300
555	0.0000034100	0.0000004400
556	0.0000035000	0.0000004200
557	0.0000035200	0.0000003700
558	0.0000033500	0.0000004300
559	0.0000035100	0.0000003800
560	0.0000035000	0.0000005300
561	0.0000033500	0.0000004000
562	0.0000087600	0.0000010000
563	0.0000082800	0.0000008400
564	0.0000034500	0.0000003600
565	0.0000035500	0.0000003800
566	0.0000034500	0.0000003900
567	0.0000034800	0.0000004500
568	0.0000036100	0.0000003600
569	0.0000034000	0.0000004000
570	0.0000034200	0.0000003700
571	0.0000039100	0.0000005000
572	0.0000037500	0.0000003700
573	0.0000035500	0.0000003700
574	0.0000035500	0.0000003800
575	0.0000036500	0.0000004100
576	0.0000037800	0.0000004000
577	0.0000037000	0.0000003900
578	0.0000035300	0.0000004000
579	0.0000034700	0.0000003700
580	0.0000036400	0.0000003900
581	0.0000036300	0.0000003700
582	0.0000036300	0.0000004300
583	0.0000033900	0.0000003700
584	0.0000038100	0.0000004600
585	0.0000037900	0.0000003700
586	0.0000034500	0.0000003700
587	0.0000035000	0.0000004000
588	0.0000036300	0.0000003900
589	0.0000035500	0.0000004500
590	0.0000034200	0.0000003800
591	0.0000036500	0.0000003700
592	0.0000037300	0.0000004000
593	0.0000038000	0.0000003700
594	0.0000035400	0.0000004600
595	0.0000035800	0.0000003600
596	0.0000035800	0.0000003800
597	0.0000036600	0.0000003900
598	0.0000035100	0.0000004100
599	0.0000035700	0.0000005000
600	0.0000036400	0.0000004000
601	0.0000035600	0.0000004100
602	0.0000035000	0.0000004400
603	0.0000036500	0.0000003800
604	0.0000040500	0.0000003800
605	0.0000039200	0.0000004200
606	0.0000035500	0.0000004000
607	0.0000046100	0.0000007000
608	0.0000046000	0.0000005300
609	0.0000038300	0.0000003700
610	0.0000036700	0.0000004100
611	0.0000037400	0.0000004100
612	0.0000039100	0.0000004500
613	0.0000039500	0.0000003900
614	0.0000037000	0.0000003700
615	0.0000038800	0.0000003900
616	0.0000042200	0.0000004000
617	0.0000037700	0.0000004000
618	0.0000036900	0.0000004300
619	0.0000039400	0.0000003700
620	0.0000039400	0.0000003900
621	0.0000038600	0.0000004100
622	0.0000037600	0.0000003900
623	0.0000038300	0.0000004100
624	0.0000039500	0.0000004200
625	0.0000038600	0.0000003700
626	0.0000038300	0.0000004300
627	0.0000038700	0.0000004000
628	0.0000039300	0.0000004700
629	0.0000040700	0.0000003900
630	0.0000037600	0.0000003900
631	0.0000037900	0.0000004300
632	0.0000039400	0.0000004000
633	0.0000040100	0.0000003900
634	0.0000039400	0.0000003800
635	0.0000039400	0.0000004500
636	0.0000039700	0.0000004000
637	0.0000039100	0.0000004200
638	0.0000038400	0.0000004200
639	0.0000039600	0.0000004900
640	0.0000041700	0.0000004400
641	0.0000040900	0.0000003800
642	0.0000040200	0.0000003900
643	0.0000040100	0.0000004200
644	0.0000042100	0.0000004100
645	0.0000041200	0.0000004000
646	0.0000039700	0.0000003900
647	0.0000039900	0.0000004200
648	0.0000040600	0.0000004200
649	0.0000041300	0.0000004100
650	0.0000039700	0.0000004200
651	0.0000041600	0.0000004000
652	0.0000039300	0.0000004200
653	0.0000039400	0.0000004300
654	0.0000040000	0.0000004300
655	0.0000040200	0.0000004100
656	0.0000041800	0.0000004700
657	0.0000040000	0.0000004200
658	0.0000040900	0.0000004300
659	0.0000040300	0.0000004600
660	0.0000040700	0.0000004000
661	0.0000039600	0.0000004100
662	0.0000042400	0.0000004300
663	0.0000041400	0.0000004300
664	0.0000042400	0.0000003800
665	0.0000040400	0.0000004200
666	0.0000040000	0.0000003900
667	0.0000040700	0.0000004300
668	0.0000042800	0.0000004400
669	0.0000042900	0.0000004400
670	0.0000041400	0.0000003900
671	0.0000040200	0.0000004200
672	0.0000042900	0.0000004000
673	0.0000043000	0.0000004200
674	0.0000041300	0.0000004400
675	0.0000042300	0.0000005300
676	0.0000043600	0.0000004400
677	0.0000040500	0.0000004200
678	0.0000042300	0.0000004500
679	0.0000041900	0.0000004200
680	0.0000042500	0.0000004200
681	0.0000044600	0.0000004400
682	0.0000042000	0.0000004300
683	0.0000042300	0.0000004800
684	0.0000044100	0.0000004000
685	0.0000040100	0.0000004200
686	0.0000041200	0.0000004200
687	0.0000043000	0.0000004100
688	0.0000044000	0.0000004400
689	0.0000043200	0.0000004100
690	0.0000041400	0.0000004100
691	0.0000041900	0.0000004000
692	0.0000126100	0.0000012100
693	0.0000076700	0.0000005400
694	0.0000042200	0.0000004500
695	0.0000043900	0.0000004400
696	0.0000041200	0.0000004100
697	0.0000042800	0.0000004200
698	0.0000043500	0.0000004600
699	0.0000042500	0.0000004300
700	0.0000046500	0.0000004200
701	0.0000044200	0.0000004900
702	0.0000043500	0.0000004800
703	0.0000045100	0.0000005200
704	0.0000043900	0.0000004400
705	0.0000038900	0.0000004400
706	0.0000047200	0.0000004700
707	0.0000046800	0.0000004700
708	0.0000046100	0.0000004800
709	0.0000046500	0.0000004100
710	0.0000040000	0.0000004100
711	0.0000044600	0.0000004600
712	0.0000047500	0.0000004100
713	0.0000046700	0.0000004100
714	0.0000045800	0.0000004400
715	0.0000045500	0.0000004500
716	0.0000046200	0.0000004200
717	0.0000046500	0.0000004600
718	0.0000045400	0.0000004100
719	0.0000043700	0.0000004100
720	0.0000047000	0.0000004100
721	0.0000054700	0.0000005400
722	0.0000045500	0.0000004100
723	0.0000043500	0.0000004200
724	0.0000046800	0.0000004100
725	0.0000047600	0.0000004200
726	0.0000044400	0.0000004700
727	0.0000043300	0.0000004300
728	0.0000047100	0.0000004400
729	0.0000047800	0.0000004500
730	0.0000052700	0.0000005500
731	0.0000047200	0.0000004900
732	0.0000045700	0.0000004000
733	0.0000053200	0.0000006000
734	0.0000041400	0.0000006600
735	0.0000045000	0.0000004600
736	0.0000045500	0.0000004500
737	0.0000045300	0.0000004000
738	0.0000041400	0.0000004100
739	0.0000044600	0.0000004200
740	0.0000047200	0.0000004700
741	0.0000048500	0.0000004400
742	0.0000044500	0.0000004900
743	0.0000046100	0.0000004200
744	0.0000048900	0.0000004200
745	0.0000089700	0.0000009900
746	0.0000106300	0.0000010500
747	0.0000110800	0.0000009700
748	0.0000108000	0.0000010400
749	0.0000096100	0.0000008400
750	0.0000099900	0.0000009300
751	0.0000089300	0.0000008600
752	0.0000060100	0.0000004800
753	0.0000050000	0.0000005000
754	0.0000048300	0.0000004500
755	0.0000046400	0.0000004600
756	0.0000047400	0.0000004200
757	0.0000048600	0.0000004400
758	0.0000047700	0.0000004200
759	0.0000046600	0.0000004500
760	0.0000049500	0.0000004600
761	0.0000049400	0.0000004800
762	0.0000097500	0.0000009800
763	0.0000088000	0.0000010000
764	0.0000063400	0.0000005300
765	0.0000047800	0.0000004800
766	0.0000045400	0.0000004800
767	0.0000045600	0.0000004400
768	0.0000047900	0.0000004400
769	0.0000049600	0.0000004500
770	0.0000046800	0.0000005200
771	0.0000048200	0.0000004600
772	0.0000045600	0.0000004800
773	0.0000049700	0.0000004800
774	0.0000048000	0.0000004900
775	0.0000045600	0.0000005100
776	0.0000048100	0.0000004700
777	0.0000050100	0.0000005200
778	0.0000046200	0.0000004800
779	0.0000049400	0.0000004500
780	0.0000046000	0.0000004300
781	0.0000048200	0.0000004900
782	0.0000048000	0.0000005200
783	0.0000048100	0.0000004600
784	0.0000047200	0.0000004600
785	0.0000051000	0.0000004900
786	0.0000049400	0.0000004700
787	0.0000048100	0.0000005200
788	0.0000048900	0.0000004500
789	0.0000048400	0.0000004800
790	0.0000048200	0.0000005000
791	0.0000049400	0.0000005200
792	0.0000050800	0.0000004700
793	0.0000073200	0.0000007800
794	0.0000069000	0.0000007300
795	0.0000044800	0.0000004500
796	0.0000052200	0.0000005300
797	0.0000065200	0.0000006500
798	0.0000061200	0.0000006100
799	0.0000060500	0.0000006300
800	0.0000060700	0.0000005800
801	0.0000061000	0.0000006300
802	0.0000061000	0.0000005800
803	0.0000048100	0.0000005200
804	0.0000050200	0.0000004700
805	0.0000056600	0.0000006300
806	0.0000060900	0.0000006600
807	0.0000048300	0.0000004900
808	0.0000050800	0.0000004800
809	0.0000050600	0.0000004800
810	0.0000049600	0.0000005200
811	0.0000050800	0.0000004600
812	0.0000051900	0.0000004700
813	0.0000045500	0.0000004800
814	0.0000051500	0.0000005000
815	0.0000051700	0.0000004700
816	0.0000050600	0.0000004800
817	0.0000050900	0.0000004900
818	0.0000052700	0.0000004600
819	0.0000050100	0.0000006600
820	0.0000050900	0.0000004500
821	0.0000051600	0.0000005300
822	0.0000050700	0.0000004700
823	0.0000049200	0.0000004600
824	0.0000051300	0.0000005400
825	0.0000052700	0.0000004900
826	0.0000049800	0.0000004500
827	0.0000049900	0.0000005300
828	0.0000053900	0.0000004700
829	0.0000060700	0.0000005000
830	0.0000050700	0.0000004600
831	0.0000052200	0.0000004700
832	0.0000054100	0.0000004800
833	0.0000052100	0.0000004700
834	0.0000051700	0.0000004900
835	0.0000050800	0.0000004500
836	0.0000051100	0.0000004500
837	0.0000056000	0.0000004600
838	0.0000050000	0.0000005400
839	0.0000051900	0.0000004800
840	0.0000046700	0.0000005100
841	0.0000052900	0.0000004900
842	0.0000049300	0.0000004500
843	0.0000053200	0.0000005200
844	0.0000046700	0.0000006100
845	0.0000053100	0.0000004700
846	0.0000051900	0.0000004900
847	0.0000047500	0.0000004800
848	0.0000054200	0.0000005000
849	0.0000054100	0.0000004700
850	0.0000052500	0.0000005000
851	0.0000050500	0.0000005000
852	0.0000054000	0.0000004600
853	0.0000052300	0.0000005000
854	0.0000053000	0.0000004900
855	0.0000052700	0.0000005300
856	0.0000054200	0.0000005100
857	0.0000054300	0.0000005600
858	0.0000051800	0.0000005100
859	0.0000051400	0.0000004700
860	0.0000055700	0.0000005000
861	0.0000057300	0.0000005000
862	0.0000051300	0.0000005700
863	0.0000076400	0.0000007300
864	0.0000047600	0.0000005400
865	0.0000059000	0.0000006500
866	0.0000053700	0.0000005300
867	0.0000052200	0.0000005000
868	0.0000070600	0.0000005000
869	0.0000054400	0.0000005300
870	0.0000053200	0.0000004800
871	0.0000052900	0.0000004700
872	0.0000055200	0.0000005300
873	0.0000055800	0.0000005100
874	0.0000053200	0.0000005700
875	0.0000055200	0.0000004800
876	0.0000055800	0.0000005000
877	0.0000052800	0.0000005100
878	0.0000057000	0.0000004900
879	0.0000054400	0.0000005200
880	0.0000055300	0.0000005500
881	0.0000054500	0.0000005400
882	0.0000053800	0.0000005100
883	0.0000054600	0.0000005300
884	0.0000053100	0.0000005100
885	0.0000056500	0.0000004700
886	0.0000056000	0.0000005200
887	0.0000053600	0.0000005000
888	0.0000054500	0.0000005000
889	0.0000058200	0.0000005300
890	0.0000052600	0.0000005000
891	0.0000056200	0.0000005600
892	0.0000059400	0.0000005700
893	0.0000090800	0.0000013100
894	0.0000125700	0.0000012500
895	0.0000132200	0.0000014500
896	0.0000058500	0.0000005700
897	0.0000065500	0.0000005200
898	0.0000056500	0.0000004800
899	0.0000052700	0.0000005200
900	0.0000059800	0.0000005500
901	0.0000140400	0.0000012000
902	0.0000098100	0.0000006400
903	0.0000054400	0.0000004900
904	0.0000058300	0.0000005300
905	0.0000058700	0.0000005300
906	0.0000053200	0.0000005200
907	0.0000054100	0.0000004800
908	0.0000057800	0.0000005200
909	0.0000056600	0.0000005100
910	0.0000056400	0.0000005300
911	0.0000057200	0.0000005300
912	0.0000060100	0.0000005800
913	0.0000056300	0.0000005100
914	0.0000055000	0.0000005200
915	0.0000054200	0.0000005600
916	0.0000055500	0.0000005200
917	0.0000058800	0.0000005100
918	0.0000057600	0.0000005000
919	0.0000056400	0.0000005300
920	0.0000058400	0.0000004900
921	0.0000057600	0.0000005300
922	0.0000057500	0.0000005000
923	0.0000056900	0.0000006000
924	0.0000059500	0.0000005300
925	0.0000058600	0.0000005700
926	0.0000056500	0.0000005000
927	0.0000058500	0.0000005200
928	0.0000059900	0.0000005100
929	0.0000057800	0.0000005300
930	0.0000056900	0.0000005500
931	0.0000057500	0.0000005500
932	0.0000059600	0.0000005400
933	0.0000058600	0.0000005000
934	0.0000053200	0.0000005500
935	0.0000055200	0.0000005600
936	0.0000059600	0.0000005300
937	0.0000059800	0.0000005500
938	0.0000059400	0.0000006100
939	0.0000055800	0.0000005800
940	0.0000059000	0.0000005300
941	0.0000058900	0.0000005100
942	0.0000057700	0.0000005500
943	0.0000056100	0.0000005400
944	0.0000058200	0.0000005700
945	0.0000055000	0.0000005600
946	0.0000055700	0.0000005500
947	0.0000057400	0.0000005000
948	0.0000058100	0.0000005400
949	0.0000055800	0.0000006200
950	0.0000056500	0.0000005600
951	0.0000056300	0.0000005900
952	0.0000057300	0.0000005200
953	0.0000059400	0.0000005500
954	0.0000062900	0.0000005400
955	0.0000058800	0.0000005200
956	0.0000059800	0.0000005300
957	0.0000061300	0.0000006200
958	0.0000059600	0.0000005900
959	0.0000059500	0.0000005800
960	0.0000062700	0.0000005700
961	0.0000061000	0.0000006500
962	0.0000058900	0.0000005800
963	0.0000057300	0.0000005800
964	0.0000061500	0.0000005900
965	0.0000062800	0.0000005600
966	0.0000077100	0.0000007400
967	0.0000082000	0.0000008500
968	0.0000090600	0.0000009800
969	0.0000093000	0.0000010100
970	0.0000085600	0.0000007500
971	0.0000088000	0.0000009900
972	0.0000071800	0.0000007300
973	0.0000063400	0.0000005500
974	0.0000061200	0.0000005300
975	0.0000062800	0.0000005600
976	0.0000055400	0.0000006500
977	0.0000061600	0.0000005600
978	0.0000061700	0.0000005400
979	0.0000060700	0.0000005700
980	0.0000061400	0.0000005400
981	0.0000064500	0.0000006100
982	0.0000058800	0.0000006100
983	0.0000059800	0.0000005100
984	0.0000055200	0.0000005600
985	0.0000066200	0.0000005900
986	0.0000059100	0.0000005200
987	0.0000059000	0.0000005300
988	0.0000060500	0.0000005100
989	0.0000064200	0.0000005800
990	0.0000063500	0.0000005300
991	0.0000081100	0.0000010100
992	0.0000069600	0.0000005700
993	0.0000065800	0.0000005900
994	0.0000065300	0.0000005400
995	0.0000061700	0.0000005200
996	0.0000063300	0.0000006300
997	0.0000061300	0.0000005500
998	0.0000060800	0.0000006300
999	0.0000064100	0.0000005400
1000	0.0000063100	0.0000005500
1001	0.0000066400	0.0000005200
1002	0.0000063100	0.0000005800
1003	0.0000061600	0.0000005100
1004	0.0000065000	0.0000005500
1005	0.0000063900	0.0000006000
1006	0.0000062500	0.0000006200
1007	0.0000062600	0.0000005600
1008	0.0000066900	0.0000005600
1009	0.0000066600	0.0000006200
1010	0.0000062400	0.0000005800
1011	0.0000062900	0.0000006000
1012	0.0000064000	0.0000005800
1013	0.0000068300	0.0000006400
1014	0.0000064100	0.0000005200
1015	0.0000062100	0.0000005600
1016	0.0000063300	0.0000005600
1017	0.0000066600	0.0000005600
1018	0.0000062200	0.0000005400
1019	0.0000062900	0.0000005600
1020	0.0000060600	0.0000005300
1021	0.0000065500	0.0000005900
1022	0.0000060400	0.0000005400
1023	0.0000060500	0.0000005200
1024	0.0000062900	0.0000005600
1025	0.0000063500	0.0000005900
1026	0.0000062300	0.0000006300
1027	0.0000064700	0.0000005300
1028	0.0000065600	0.0000005700
1029	0.0000065500	0.0000005700
1030	0.0000065900	0.0000006500
1031	0.0000063800	0.0000005300
1032	0.0000064500	0.0000005500
1033	0.0000064000	0.0000005700
1034	0.0000062800	0.0000005500
1035	0.0000065400	0.0000005600
1036	0.0000086400	0.0000009500
1037	0.0000058400	0.0000005600
1038	0.0000064100	0.0000006100
1039	0.0000067000	0.0000006000
1040	0.0000066500	0.0000005700
1041	0.0000067900	0.0000006000
1042	0.0000064100	0.0000005900
1043	0.0000066200	0.0000005700
1044	0.0000067000	0.0000006200
1045	0.0000133800	0.0000011000
1046	0.0000134400	0.0000012300
1047	0.0000132700	0.0000012200
1048	0.0000066500	0.0000006100
1049	0.0000066100	0.0000005900
1050	0.0000069100	0.0000005400
1051	0.0000064900	0.0000005500
1052	0.0000065200	0.0000005600
1053	0.0000067800	0.0000005300
1054	0.0000068700	0.0000005700
1055	0.0000065700	0.0000006000
1056	0.0000067800	0.0000005500
1057	0.0000066400	0.0000006400
1058	0.0000068500	0.0000005300
1059	0.0000065100	0.0000006100
1060	0.0000064800	0.0000005500
1061	0.0000070300	0.0000005900
1062	0.0000064700	0.0000005600
1063	0.0000064200	0.0000006000
1064	0.0000062800	0.0000005600
1065	0.0000068800	0.0000005800
1066	0.0000064100	0.0000005900
1067	0.0000067400	0.0000005700
1068	0.0000068300	0.0000005600
1069	0.0000065700	0.0000005500
1070	0.0000063800	0.0000005300
1071	0.0000066200	0.0000005600
1072	0.0000064400	0.0000005500
1073	0.0000068900	0.0000006100
1074	0.0000065500	0.0000006000
1075	0.0000064400	0.0000005700
1076	0.0000068600	0.0000005700
1077	0.0000068500	0.0000005900
1078	0.0000066400	0.0000005800
1079	0.0000066500	0.0000005500
1080	0.0000065700	0.0000005600
1081	0.0000067100	0.0000005900
1082	0.0000065200	0.0000005900
1083	0.0000065100	0.0000007300
1084	0.0000068900	0.0000005800
1085	0.0000068600	0.0000005400
1086	0.0000063700	0.0000006100
1087	0.0000069100	0.0000005700
1088	0.0000069000	0.0000005700
1089	0.0000067100	0.0000005800
1090	0.0000066600	0.0000005800
1091	0.0000067700	0.0000005600
1092	0.0000069600	0.0000005500
1093	0.0000063000	0.0000005700
1094	0.0000086800	0.0000011200
1095	0.0000064200	0.0000006400
1096	0.0000067300	0.0000006100
1097	0.0000066200	0.0000005800
1098	0.0000067200	0.0000005300
1099	0.0000068300	0.0000005900
1100	0.0000070500	0.0000005900
1101	0.0000071200	0.0000005500
1102	0.0000065000	0.0000006000
1103	0.0000065200	0.0000005900
1104	0.0000067800	0.0000006100
1105	0.0000069500	0.0000005500
1106	0.0000067300	0.0000005800
1107	0.0000064800	0.0000005400
1108	0.0000067700	0.0000005500
1109	0.0000069200	0.0000005700
1110	0.0000070600	0.0000005900
1111	0.0000067100	0.0000006600
1112	0.0000069400	0.0000006600
1113	0.0000070000	0.0000005800
1114	0.0000069400	0.0000006300
1115	0.0000065000	0.0000005600
1116	0.0000070300	0.0000006000
1117	0.0000070400	0.0000005800
1118	0.0000068400	0.0000006200
1119	0.0000065100	0.0000005700
1120	0.0000069700	0.0000006400
1121	0.0000069100	0.0000005600
1122	0.0000067400	0.0000006100
1123	0.0000095300	0.0000011200
1124	0.0000077700	0.0000005900
1125	0.0000082800	0.0000007800
1126	0.0000069400	0.0000005600
1127	0.0000069800	0.0000005900
1128	0.0000070100	0.0000006000
1129	0.0000071700	0.0000006500
1130	0.0000067900	0.0000006700
1131	0.0000071300	0.0000005700
1132	0.0000072900	0.0000006200
1133	0.0000062500	0.0000006900
1134	0.0000070700	0.0000005800
1135	0.0000069200	0.0000006300
1136	0.0000070900	0.0000006000
1137	0.0000069000	0.0000005900
1138	0.0000070700	0.0000006100
1139	0.0000073900	0.0000006300
1140	0.0000072300	0.0000005700
1141	0.0000076600	0.0000005500
1142	0.0000073800	0.0000005700
1143	0.0000071700	0.0000005700
1144	0.0000079100	0.0000007900
1145	0.0000068500	0.0000005800
1146	0.0000071200	0.0000005600
1147	0.0000071300	0.0000006300
1148	0.0000074600	0.0000006300
1149	0.0000073700	0.0000006300
1150	0.0000068000	0.0000005800
1151	0.0000082200	0.0000006600
1152	0.0000077300	0.0000007100
1153	0.0000065700	0.0000005800
1154	0.0000074500	0.0000005400
1155	0.0000071900	0.0000005900
1156	0.0000072400	0.0000006300
1157	0.0000072200	0.0000005700
1158	0.0000068700	0.0000005700
1159	0.0000070900	0.0000005700
1160	0.0000068400	0.0000005900
1161	0.0000072100	0.0000006000
1162	0.0000071900	0.0000006500
1163	0.0000069900	0.0000005800
1164	0.0000070600	0.0000006100
1165	0.0000065100	0.0000006500
1166	0.0000070700	0.0000006400
1167	0.0000070700	0.0000006700
1168	0.0000064700	0.0000006800
1169	0.0000076300	0.0000006000
1170	0.0000074600	0.0000006200
1171	0.0000072000	0.0000006500
1172	0.0000071500	0.0000005900
1173	0.0000074400	0.0000006100
1174	0.0000069900	0.0000005800
1175	0.0000073800	0.0000006400
1176	0.0000076000	0.0000006100
1177	0.0000077300	0.0000005900
1178	0.0000074600	0.0000006300
1179	0.0000072500	0.0000007100
1180	0.0000077200	0.0000006000
1181	0.0000074600	0.0000006800
1182	0.0000072300	0.0000005800
1183	0.0000181800	0.0000012900
1184	0.0000103300	0.0000005600
1185	0.0000075200	0.0000006100
1186	0.0000073700	0.0000006300
1187	0.0000112900	0.0000025800
1188	0.0000284400	0.0000025700
1189	0.0000123500	0.0000012200
1190	0.0000079600	0.0000006000
1191	0.0000066200	0.0000006000
1192	0.0000074200	0.0000005900
1193	0.0000076400	0.0000005900
1194	0.0000072500	0.0000005800
1195	0.0000073200	0.0000008700
1196	0.0000069800	0.0000005800
1197	0.0000073500	0.0000005700
1198	0.0000084000	0.0000006400
1199	0.0000073300	0.0000005800
1200	0.0000075400	0.0000007300
1201	0.0000072700	0.0000006300
1202	0.0000072300	0.0000005900
1203	0.0000073800	0.0000005400
1204	0.0000075000	0.0000006000
1205	0.0000077200	0.0000006000
1206	0.0000070700	0.0000006000
1207	0.0000070300	0.0000006600
1208	0.0000072800	0.0000005500
1209	0.0000077300	0.0000006200
1210	0.0000071700	0.0000005900
1211	0.0000074700	0.0000005700
1212	0.0000078100	0.0000005900
1213	0.0000077400	0.0000007000
1214	0.0000073800	0.0000006700
1215	0.0000072200	0.0000006200
1216	0.0000073200	0.0000006200
1217	0.0000078200	0.0000006100
1218	0.0000075000	0.0000006300
1219	0.0000073200	0.0000006700
1220	0.0000079400	0.0000006700
1221	0.0000078700	0.0000005800
1222	0.0000073400	0.0000005600
1223	0.0000074200	0.0000006000
1224	0.0000074900	0.0000006100
1225	0.0000073800	0.0000005800
1226	0.0000075200	0.0000006500
1227	0.0000074200	0.0000006200
1228	0.0000078900	0.0000005700
1229	0.0000076000	0.0000006200
1230	0.0000074600	0.0000005600
1231	0.0000072400	0.0000006300
1232	0.0000072200	0.0000006200
1233	0.0000078500	0.0000006500
1234	0.0000072300	0.0000006000
1235	0.0000073400	0.0000006100
1236	0.0000075600	0.0000005500
1237	0.0000074700	0.0000005800
1238	0.0000073200	0.0000006600
1239	0.0000069300	0.0000005700
1240	0.0000080300	0.0000006100
1241	0.0000077700	0.0000006000
1242	0.0000081100	0.0000006100
1243	0.0000076200	0.0000006300
1244	0.0000079600	0.0000005500
1245	0.0000080200	0.0000006100
1246	0.0000079000	0.0000005700
1247	0.0000078100	0.0000006600
1248	0.0000069200	0.0000006100
1249	0.0000079600	0.0000005600
1250	0.0000075000	0.0000005600
1251	0.0000068800	0.0000005700
1252	0.0000092000	0.0000009800
1253	0.0000090700	0.0000006800
1254	0.0000078200	0.0000007500
1255	0.0000077600	0.0000005900
1256	0.0000074400	0.0000006300
1257	0.0000083400	0.0000005500
1258	0.0000079500	0.0000006500
1259	0.0000070200	0.0000005500
1260	0.0000084200	0.0000006000
1261	0.0000077600	0.0000006500
1262	0.0000080100	0.0000006500
1263	0.0000077300	0.0000006200
1264	0.0000078700	0.0000007300
1265	0.0000083300	0.0000006700
1266	0.0000082000	0.0000006200
1267	0.0000079200	0.0000006300
1268	0.0000082100	0.0000006400
1269	0.0000081500	0.0000006100
1270	0.0000084300	0.0000005900
1271	0.0000075000	0.0000006500
1272	0.0000081600	0.0000005900
1273	0.0000077300	0.0000006200
1274	0.0000077100	0.0000005700
1275	0.0000078200	0.0000005900
1276	0.0000081300	0.0000005600
1277	0.0000084400	0.0000006300
1278	0.0000077200	0.0000006000
1279	0.0000079900	0.0000005500
1280	0.0000080200	0.0000006200
1281	0.0000082200	0.0000006200
1282	0.0000075700	0.0000006800
1283	0.0000080600	0.0000005900
1284	0.0000079500	0.0000006200
1285	0.0000083900	0.0000006400
1286	0.0000079300	0.0000006400
1287	0.0000081500	0.0000005800
1288	0.0000082600	0.0000006100
1289	0.0000080400	0.0000006700
1290	0.0000077200	0.0000005900
1291	0.0000080800	0.0000005900
1292	0.0000080600	0.0000005700
1293	0.0000073700	0.0000006300
1294	0.0000081800	0.0000007200
1295	0.0000082500	0.0000006200
1296	0.0000080100	0.0000005900
1297	0.0000073500	0.0000006300
1298	0.0000080500	0.0000006300
1299	0.0000080800	0.0000006400
1300	0.0000078100	0.0000007000
1301	0.0000081100	0.0000006300
1302	0.0000085000	0.0000006000
1303	0.0000079000	0.0000006600
1304	0.0000084800	0.0000006900
1305	0.0000080900	0.0000006200
1306	0.0000080900	0.0000005900
1307	0.0000077300	0.0000005800
1308	0.0000081400	0.0000005900
1309	0.0000081300	0.0000005900
1310	0.0000079000	0.0000006200
1311	0.0000081500	0.0000006400
1312	0.0000072300	0.0000005800
1313	0.0000078700	0.0000006900
1314	0.0000083700	0.0000005700
1315	0.0000073700	0.0000006600
1316	0.0000083300	0.0000006000
1317	0.0000085500	0.0000006300
1318	0.0000086500	0.0000006000
1319	0.0000080400	0.0000006300
1320	0.0000083100	0.0000006100
1321	0.0000083000	0.0000007000
1322	0.0000080900	0.0000006700
1323	0.0000078800	0.0000006300
1324	0.0000083900	0.0000005900
1325	0.0000078000	0.0000005900
1326	0.0000079700	0.0000005900
1327	0.0000080300	0.0000006100
1328	0.0000085100	0.0000006000
1329	0.0000086700	0.0000006100
1330	0.0000082400	0.0000006400
1331	0.0000079900	0.0000006300
1332	0.0000082700	0.0000006200
1333	0.0000085000	0.0000006300
1334	0.0000081100	0.0000006300
1335	0.0000078600	0.0000006200
1336	0.0000080800	0.0000006200
1337	0.0000084100	0.0000006500
1338	0.0000082000	0.0000006600
1339	0.0000080700	0.0000007400
1340	0.0000085700	0.0000006000
1341	0.0000086500	0.0000005800
1342	0.0000084100	0.0000006200
1343	0.0000080500	0.0000006400
1344	0.0000087000	0.0000006200
1345	0.0000086300	0.0000006100
1346	0.0000083000	0.0000006300
1347	0.0000082200	0.0000006300
1348	0.0000083700	0.0000005800
1349	0.0000090000	0.0000006100
1350	0.0000085100	0.0000007300
1351	0.0000080500	0.0000006900
1352	0.0000091000	0.0000006800
1353	0.0000086100	0.0000006400
1354	0.0000082600	0.0000006000
1355	0.0000083700	0.0000006400
1356	0.0000084900	0.0000006300
1357	0.0000086500	0.0000007100
1358	0.0000081800	0.0000006500
1359	0.0000084200	0.0000006300
1360	0.0000087200	0.0000006400
1361	0.0000086300	0.0000005900
1362	0.0000086100	0.0000006400
1363	0.0000079100	0.0000006000
1364	0.0000086500	0.0000006300
1365	0.0000087700	0.0000006300
1366	0.0000080200	0.0000006500
1367	0.0000084300	0.0000006600
1368	0.0000080000	0.0000009800
1369	0.0000087800	0.0000006400
1370	0.0000085600	0.0000006300
1371	0.0000086700	0.0000006200
1372	0.0000086100	0.0000006400
1373	0.0000090000	0.0000006200
1374	0.0000084200	0.0000006800
1375	0.0000086700	0.0000006000
1376	0.0000087500	0.0000006700
1377	0.0000086900	0.0000005800
1378	0.0000079900	0.0000006400
1379	0.0000084900	0.0000006600
1380	0.0000087900	0.0000006000
1381	0.0000085700	0.0000007200
1382	0.0000084800	0.0000006000
1383	0.0000105900	0.0000007200
1384	0.0000092400	0.0000009400
1385	0.0000076600	0.0000006900
1386	0.0000082300	0.0000006900
1387	0.0000084800	0.0000006200
1388	0.0000088300	0.0000006500
1389	0.0000086400	0.0000007200
1390	0.0000090400	0.0000006200
1391	0.0000205900	0.0000016600
1392	0.0000089300	0.0000006400
1393	0.0000088200	0.0000006100
1394	0.0000085400	0.0000006500
1395	0.0000085300	0.0000006700
1396	0.0000084900	0.0000006500
1397	0.0000088500	0.0000006000
1398	0.0000088600	0.0000008600
1399	0.0000085500	0.0000006200
1400	0.0000090300	0.0000007200
1401	0.0000087700	0.0000006300
1402	0.0000089000	0.0000006400
1403	0.0000093100	0.0000006700
1404	0.0000084200	0.0000006700
1405	0.0000087000	0.0000006500
1406	0.0000089000	0.0000006600
1407	0.0000087200	0.0000006800
1408	0.0000088500	0.0000007000
1409	0.0000090400	0.0000006400
1410	0.0000092200	0.0000006100
1411	0.0000085200	0.0000006200
1412	0.0000092900	0.0000006800
1413	0.0000086200	0.0000006700
1414	0.0000087100	0.0000006300
1415	0.0000089300	0.0000006600
1416	0.0000082600	0.0000006500
1417	0.0000088200	0.0000006800
1418	0.0000087700	0.0000006400
1419	0.0000082600	0.0000006500
1420	0.0000176900	0.0000012600
1421	0.0000086900	0.0000007200
1422	0.0000086900	0.0000007000
1423	0.0000089500	0.0000006600
1424	0.0000094100	0.0000007400
1425	0.0000095300	0.0000006500
1426	0.0000089700	0.0000006800
1427	0.0000083600	0.0000007000
1428	0.0000093000	0.0000006500
1429	0.0000092300	0.0000006800
1430	0.0000089800	0.0000006100
1431	0.0000089100	0.0000006600
1432	0.0000090500	0.0000006000
1433	0.0000078300	0.0000006600
1434	0.0000090700	0.0000006600
1435	0.0000088300	0.0000007800
1436	0.0000091700	0.0000008900
1437	0.0000087200	0.0000007500
1438	0.0000087300	0.0000006200
1439	0.0000089800	0.0000006400
1440	0.0000085100	0.0000006300
1441	0.0000091800	0.0000006700
1442	0.0000089800	0.0000006800
1443	0.0000087400	0.0000006500
1444	0.0000080100	0.0000006500
1445	0.0000094900	0.0000006000
1446	0.0000088900	0.0000006400
1447	0.0000093300	0.0000006500
1448	0.0000090200	0.0000006500
1449	0.0000088100	0.0000006200
1450	0.0000089100	0.0000006000
1451	0.0000087200	0.0000007500
1452	0.0000091300	0.0000006200
1453	0.0000093600	0.0000006000
1454	0.0000092600	0.0000006700
1455	0.0000090700	0.0000006400
1456	0.0000091100	0.0000007100
1457	0.0000095000	0.0000006500
1458	0.0000133700	0.0000019000
1459	0.0000224600	0.0000017100
1460	0.0000252300	0.0000012700
1461	0.0000170800	0.0000012900
1462	0.0000091900	0.0000006500
1463	0.0000088300	0.0000007500
1464	0.0000081000	0.0000005800
1465	0.0000095000	0.0000007000
1466	0.0000096000	0.0000006300
1467	0.0000089100	0.0000005900
1468	0.0000094400	0.0000006800
1469	0.0000095500	0.0000007400
1470	0.0000091200	0.0000007300
1471	0.0000089400	0.0000006500
1472	0.0000094200	0.0000006900
1473	0.0000094300	0.0000006600
1474	0.0000093100	0.0000006400
1475	0.0000092500	0.0000009200
1476	0.0000093700	0.0000007100
1477	0.0000093700	0.0000006500
1478	0.0000091200	0.0000006000
1479	0.0000093500	0.0000006400
1480	0.0000137700	0.0000007100
1481	0.0000099100	0.0000008900
1482	0.0000087200	0.0000007900
1483	0.0000090500	0.0000007900
1484	0.0000093100	0.0000006500
1485	0.0000119300	0.0000012200
1486	0.0000156300	0.0000013500
1487	0.0000153600	0.0000012800
1488	0.0000149200	0.0000013900
1489	0.0000145500	0.0000012900
1490	0.0000145100	0.0000009100
1491	0.0000090000	0.0000006800
1492	0.0000113500	0.0000006300
1493	0.0000086100	0.0000006600
1494	0.0000093100	0.0000007300
1495	0.0000092000	0.0000006100
1496	0.0000097400	0.0000006500
1497	0.0000096600	0.0000006700
1498	0.0000094600	0.0000007100
1499	0.0000094400	0.0000008900
