1	0.0000000100	0.0000001200
2	0.0000000200	0.0000001200
3	0.0000000200	0.0000001400
4	0.0000000300	0.0000000600
5	0.0000000400	0.0000001400
6	0.0000000700	0.0000002000
7	0.0000000400	0.0000000700
8	0.0000000300	0.0000000600
9	0.0000000200	0.0000000600
10	0.0000000300	0.0000000700
11	0.0000000400	0.0000000900
12	0.0000000300	0.0000000900
13	0.0000000500	0.0000000900
14	0.0000000400	0.0000000700
15	0.0000000500	0.0000000800
16	0.0000000500	0.0000002000
17	0.0000000600	0.0000001000
18	0.0000001600	0.0000001100
19	0.0000000900	0.0000001400
20	0.0000000900	0.0000001500
21	0.0000000900	0.0000001100
22	0.0000001000	0.0000001300
23	0.0000001000	0.0000001100
24	0.0000001000	0.0000001400
25	0.0000000900	0.0000001300
26	0.0000001000	0.0000001200
27	0.0000001200	0.0000001200
28	0.0000001000	0.0000001300
29	0.0000001100	0.0000001300
30	0.0000001100	0.0000001400
31	0.0000001100	0.0000001100
32	0.0000001500	0.0000001600
33	0.0000002100	0.0000001300
34	0.0000001200	0.0000001300
35	0.0000001500	0.0000001700
36	0.0000001300	0.0000001400
37	0.0000001600	0.0000001500
38	0.0000001600	0.0000001500
39	0.0000001700	0.0000001600
40	0.0000001700	0.0000001500
41	0.0000002600	0.0000004200
42	0.0000002100	0.0000003500
43	0.0000002000	0.0000001500
44	0.0000002000	0.0000001700
45	0.0000002200	0.0000002200
46	0.0000001900	0.0000001700
47	0.0000002200	0.0000002100
48	0.0000002500	0.0000001700
49	0.0000002100	0.0000001800
50	0.0000001900	0.0000001400
51	0.0000002100	0.0000001800
52	0.0000002400	0.0000001800
53	0.0000002300	0.0000001800
54	0.0000002200	0.0000001800
55	0.0000003100	0.0000003100
56	0.0000002500	0.0000002300
57	0.0000002400	0.0000002300
58	0.0000002400	0.0000002600
59	0.0000002200	0.0000001800
60	0.0000002300	0.0000001700
61	0.0000002800	0.0000002700
62	0.0000002400	0.0000002100
63	0.0000002400	0.0000001900
64	0.0000002500	0.0000002200
65	0.0000002400	0.0000002400
66	0.0000002500	0.0000002300
67	0.0000002500	0.0000002200
68	0.0000002600	0.0000002200
69	0.0000002600	0.0000002400
70	0.0000002700	0.0000002300
71	0.0000002600	0.0000002200
72	0.0000002700	0.0000002400
73	0.0000002800	0.0000002500
74	0.0000002800	0.0000002900
75	0.0000002800	0.0000002500
76	0.0000002900	0.0000002900
77	0.0000002900	0.0000003500
78	0.0000003000	0.0000003300
79	0.0000002900	0.0000003300
80	0.0000002900	0.0000003400
81	0.0000002900	0.0000002900
82	0.0000003100	0.0000002900
83	0.0000003100	0.0000003200
84	0.0000003100	0.0000003200
85	0.0000003200	0.0000003300
86	0.0000003100	0.0000003600
87	0.0000003200	0.0000003500
88	0.0000003200	0.0000003800
89	0.0000003300	0.0000003800
90	0.0000003300	0.0000003600
91	0.0000003400	0.0000003200
92	0.0000003400	0.0000003500
93	0.0000003500	0.0000003400
94	0.0000003400	0.0000003500
95	0.0000003500	0.0000003900
96	0.0000003500	0.0000003800
97	0.0000003600	0.0000003900
98	0.0000003600	0.0000003600
99	0.0000003600	0.0000003600
100	0.0000003700	0.0000003800
101	0.0000003700	0.0000003500
102	0.0000003700	0.0000003900
103	0.0000003800	0.0000004100
104	0.0000003800	0.0000004600
105	0.0000003900	0.0000004300
106	0.0000003900	0.0000004000
107	0.0000003900	0.0000004100
108	0.0000004000	0.0000004400
109	0.0000004000	0.0000004200
110	0.0000004100	0.0000003900
111	0.0000004100	0.0000003700
112	0.0000004000	0.0000004300
113	0.0000004100	0.0000004300
114	0.0000004200	0.0000003800
115	0.0000004200	0.0000004500
116	0.0000004200	0.0000003800
117	0.0000004300	0.0000004500
118	0.0000004300	0.0000004000
119	0.0000004400	0.0000004300
120	0.0000004300	0.0000004500
121	0.0000004400	0.0000005000
122	0.0000004400	0.0000004900
123	0.0000004400	0.0000004200
124	0.0000004500	0.0000004300
125	0.0000004500	0.0000004900
126	0.0000004800	0.0000008500
127	0.0000004600	0.0000005200
128	0.0000004600	0.0000005100
129	0.0000004700	0.0000005400
130	0.0000004700	0.0000004900
131	0.0000004800	0.0000004900
132	0.0000004800	0.0000004800
133	0.0000004800	0.0000004600
134	0.0000004800	0.0000004900
135	0.0000004900	0.0000004800
136	0.0000004900	0.0000004700
137	0.0000004900	0.0000005000
138	0.0000004900	0.0000004700
139	0.0000005000	0.0000004700
140	0.0000005000	0.0000004700
141	0.0000005100	0.0000004800
142	0.0000005200	0.0000005300
143	0.0000005200	0.0000007400
144	0.0000005200	0.0000006000
145	0.0000005200	0.0000006000
146	0.0000005200	0.0000006200
147	0.0000005300	0.0000006100
148	0.0000005300	0.0000005700
149	0.0000005400	0.0000005400
150	0.0000005400	0.0000005100
151	0.0000005400	0.0000005500
152	0.0000005500	0.0000005800
153	0.0000005500	0.0000006500
154	0.0000005600	0.0000006700
155	0.0000005500	0.0000006200
156	0.0000005700	0.0000006100
157	0.0000005600	0.0000007200
158	0.0000005600	0.0000006500
159	0.0000005700	0.0000006900
160	0.0000005700	0.0000006400
161	0.0000005700	0.0000006700
162	0.0000005800	0.0000007900
163	0.0000005900	0.0000007200
164	0.0000005800	0.0000006800
165	0.0000005900	0.0000007500
166	0.0000005900	0.0000007600
167	0.0000006000	0.0000007600
168	0.0000006200	0.0000008400
169	0.0000006200	0.0000008300
170	0.0000006300	0.0000008400
171	0.0000006200	0.0000008200
172	0.0000006300	0.0000008100
173	0.0000006300	0.0000008500
174	0.0000006200	0.0000007400
175	0.0000006200	0.0000007600
176	0.0000006200	0.0000007700
177	0.0000006300	0.0000007500
178	0.0000006400	0.0000007800
179	0.0000006400	0.0000007800
180	0.0000006400	0.0000007600
181	0.0000006500	0.0000008300
182	0.0000006500	0.0000008500
183	0.0000006500	0.0000008600
184	0.0000006700	0.0000008100
185	0.0000007200	0.0000009500
186	0.0000006800	0.0000009000
187	0.0000006900	0.0000009000
188	0.0000007500	0.0000009100
189	0.0000006800	0.0000009500
190	0.0000007000	0.0000009300
191	0.0000007200	0.0000008600
192	0.0000007000	0.0000008400
193	0.0000007000	0.0000009100
194	0.0000007200	0.0000009300
195	0.0000007200	0.0000009300
196	0.0000007200	0.0000009400
197	0.0000007200	0.0000009700
198	0.0000007100	0.0000008800
199	0.0000007100	0.0000009300
200	0.0000007300	0.0000010000
201	0.0000007500	0.0000010100
202	0.0000007500	0.0000009900
203	0.0000007300	0.0000009800
204	0.0000007500	0.0000009900
205	0.0000007700	0.0000010000
206	0.0000007900	0.0000010300
207	0.0000007500	0.0000010300
208	0.0000007600	0.0000010300
209	0.0000007500	0.0000009300
210	0.0000007400	0.0000009600
211	0.0000007500	0.0000009300
212	0.0000007500	0.0000009300
213	0.0000007600	0.0000009500
214	0.0000007700	0.0000009500
215	0.0000007600	0.0000009600
216	0.0000007600	0.0000010200
217	0.0000007800	0.0000010600
218	0.0000007800	0.0000010400
219	0.0000007800	0.0000010500
220	0.0000007800	0.0000010300
221	0.0000008000	0.0000010800
222	0.0000007800	0.0000010800
223	0.0000007900	0.0000011000
224	0.0000008000	0.0000010500
225	0.0000008200	0.0000010400
226	0.0000008000	0.0000010700
227	0.0000008100	0.0000010800
228	0.0000008200	0.0000010400
229	0.0000008200	0.0000010800
230	0.0000008900	0.0000010800
231	0.0000008200	0.0000010900
232	0.0000022100	0.0000030800
233	0.0000019800	0.0000025600
234	0.0000019800	0.0000024600
235	0.0000019700	0.0000032300
236	0.0000020300	0.0000031800
237	0.0000016900	0.0000026800
238	0.0000016700	0.0000026700
239	0.0000016400	0.0000021300
240	0.0000023200	0.0000028300
241	0.0000020400	0.0000024900
242	0.0000020400	0.0000025900
243	0.0000020400	0.0000024500
244	0.0000020800	0.0000024400
245	0.0000011100	0.0000013500
246	0.0000008700	0.0000010800
247	0.0000008800	0.0000011000
248	0.0000008900	0.0000011400
249	0.0000008900	0.0000011600
250	0.0000008900	0.0000011700
251	0.0000008800	0.0000011700
252	0.0000013000	0.0000011700
253	0.0000009200	0.0000010800
254	0.0000008900	0.0000011600
255	0.0000009100	0.0000011700
256	0.0000009300	0.0000013900
257	0.0000009600	0.0000016400
258	0.0000009400	0.0000016400
259	0.0000009400	0.0000017100
260	0.0000009400	0.0000016400
261	0.0000009700	0.0000016800
262	0.0000009600	0.0000016600
263	0.0000013800	0.0000017200
264	0.0000009400	0.0000012300
265	0.0000009400	0.0000012300
266	0.0000010400	0.0000017300
267	0.0000010000	0.0000017300
268	0.0000009700	0.0000017400
269	0.0000011600	0.0000020900
270	0.0000009800	0.0000012600
271	0.0000009600	0.0000015500
272	0.0000011700	0.0000018600
273	0.0000010300	0.0000017600
274	0.0000011000	0.0000018000
275	0.0000010100	0.0000019400
276	0.0000010300	0.0000018000
277	0.0000010300	0.0000017900
278	0.0000010400	0.0000017800
279	0.0000010100	0.0000017600
280	0.0000010300	0.0000017500
281	0.0000011300	0.0000017800
282	0.0000010800	0.0000019900
283	0.0000010500	0.0000018300
284	0.0000010500	0.0000018500
285	0.0000012900	0.0000022400
286	0.0000010600	0.0000018900
287	0.0000010600	0.0000019100
288	0.0000010700	0.0000018800
289	0.0000012900	0.0000019100
290	0.0000014400	0.0000018900
291	0.0000010600	0.0000019200
292	0.0000010700	0.0000019700
293	0.0000013700	0.0000024900
294	0.0000018300	0.0000027200
295	0.0000018200	0.0000022200
296	0.0000011000	0.0000021400
297	0.0000011800	0.0000019300
298	0.0000016000	0.0000022900
299	0.0000010800	0.0000021200
300	0.0000010800	0.0000020800
301	0.0000011300	0.0000020500
302	0.0000011500	0.0000020000
303	0.0000010900	0.0000020200
304	0.0000010900	0.0000020800
305	0.0000012200	0.0000020300
306	0.0000010800	0.0000014100
307	0.0000010900	0.0000014000
308	0.0000011100	0.0000020400
309	0.0000011500	0.0000021000
310	0.0000011200	0.0000020600
311	0.0000011200	0.0000020400
312	0.0000011000	0.0000014400
313	0.0000011500	0.0000025400
314	0.0000012800	0.0000021000
315	0.0000011300	0.0000014500
316	0.0000011100	0.0000014700
317	0.0000011600	0.0000014400
318	0.0000011300	0.0000014400
319	0.0000011400	0.0000014500
320	0.0000011300	0.0000014500
321	0.0000011700	0.0000014200
322	0.0000011700	0.0000014400
323	0.0000011400	0.0000014700
324	0.0000011400	0.0000014700
325	0.0000011800	0.0000014600
326	0.0000011500	0.0000014900
327	0.0000011700	0.0000014700
328	0.0000011700	0.0000014800
329	0.0000011700	0.0000017100
330	0.0000015900	0.0000014800
331	0.0000011700	0.0000014700
332	0.0000012100	0.0000015100
333	0.0000011900	0.0000014900
334	0.0000011900	0.0000014900
335	0.0000011900	0.0000015100
336	0.0000011800	0.0000015000
337	0.0000012000	0.0000015400
338	0.0000012100	0.0000014800
339	0.0000012000	0.0000015200
340	0.0000012000	0.0000015100
341	0.0000012000	0.0000015300
342	0.0000012300	0.0000015300
343	0.0000012200	0.0000016800
344	0.0000012200	0.0000015500
345	0.0000012300	0.0000015000
346	0.0000012800	0.0000015000
347	0.0000012500	0.0000015000
348	0.0000012400	0.0000015500
349	0.0000012400	0.0000015700
350	0.0000012800	0.0000016600
351	0.0000012500	0.0000015800
352	0.0000012600	0.0000015500
353	0.0000012500	0.0000015400
354	0.0000012800	0.0000015400
355	0.0000012700	0.0000015500
356	0.0000012600	0.0000015400
357	0.0000012900	0.0000016500
358	0.0000012900	0.0000016100
359	0.0000013000	0.0000016300
360	0.0000012700	0.0000015900
361	0.0000012800	0.0000016000
362	0.0000013000	0.0000015500
363	0.0000012900	0.0000015600
364	0.0000014000	0.0000026400
365	0.0000015100	0.0000023000
366	0.0000013400	0.0000025200
367	0.0000013800	0.0000018600
368	0.0000013000	0.0000016700
369	0.0000015000	0.0000022900
370	0.0000013100	0.0000016600
371	0.0000013300	0.0000016600
372	0.0000013600	0.0000023700
373	0.0000013300	0.0000017100
374	0.0000013200	0.0000017400
375	0.0000013400	0.0000017400
376	0.0000013400	0.0000018000
377	0.0000013400	0.0000017500
378	0.0000013300	0.0000018000
379	0.0000013800	0.0000018000
380	0.0000013400	0.0000018000
381	0.0000013700	0.0000018200
382	0.0000013700	0.0000018000
383	0.0000013700	0.0000018100
384	0.0000013800	0.0000018800
385	0.0000013800	0.0000018400
386	0.0000013900	0.0000026400
387	0.0000013800	0.0000026000
388	0.0000014000	0.0000018800
389	0.0000013900	0.0000018800
390	0.0000013900	0.0000018800
391	0.0000014000	0.0000019700
392	0.0000014100	0.0000019000
393	0.0000014100	0.0000018700
394	0.0000014300	0.0000018700
395	0.0000014100	0.0000019200
396	0.0000014000	0.0000019600
397	0.0000014200	0.0000019200
398	0.0000014200	0.0000019200
399	0.0000014300	0.0000019200
400	0.0000014500	0.0000019300
401	0.0000014300	0.0000019100
402	0.0000014500	0.0000019100
403	0.0000014600	0.0000019600
404	0.0000014700	0.0000019800
405	0.0000014400	0.0000020400
406	0.0000014400	0.0000020600
407	0.0000014500	0.0000020800
408	0.0000014600	0.0000020500
409	0.0000014800	0.0000020800
410	0.0000014800	0.0000020700
411	0.0000014700	0.0000022400
412	0.0000014900	0.0000021300
413	0.0000014700	0.0000021700
414	0.0000015000	0.0000022000
415	0.0000014900	0.0000021400
416	0.0000014800	0.0000021500
417	0.0000015000	0.0000022000
418	0.0000014900	0.0000022200
419	0.0000014900	0.0000022800
420	0.0000015000	0.0000022600
421	0.0000015200	0.0000021900
422	0.0000016000	0.0000024500
423	0.0000015100	0.0000022600
424	0.0000015900	0.0000022700
425	0.0000015400	0.0000022500
426	0.0000015100	0.0000026100
427	0.0000015600	0.0000028700
428	0.0000018900	0.0000023300
429	0.0000015400	0.0000023000
430	0.0000015800	0.0000023700
431	0.0000015500	0.0000023600
432	0.0000015400	0.0000023900
433	0.0000015700	0.0000023600
434	0.0000015600	0.0000023700
435	0.0000015600	0.0000023900
436	0.0000015600	0.0000024600
437	0.0000015900	0.0000024500
438	0.0000015500	0.0000031500
439	0.0000016200	0.0000024200
440	0.0000021000	0.0000026200
441	0.0000016100	0.0000024800
442	0.0000017200	0.0000024900
443	0.0000015800	0.0000025200
444	0.0000015900	0.0000025600
445	0.0000016200	0.0000025700
446	0.0000016100	0.0000025900
447	0.0000016100	0.0000026000
448	0.0000016200	0.0000026600
449	0.0000016000	0.0000026000
450	0.0000016200	0.0000027700
451	0.0000017600	0.0000030900
452	0.0000016800	0.0000030700
453	0.0000016500	0.0000029900
454	0.0000016200	0.0000027100
455	0.0000016200	0.0000027300
456	0.0000016500	0.0000027800
457	0.0000016800	0.0000028200
458	0.0000016300	0.0000027800
459	0.0000016900	0.0000061300
460	0.0000032900	0.0000055600
461	0.0000020800	0.0000035000
462	0.0000016900	0.0000028700
463	0.0000016700	0.0000028700
464	0.0000019700	0.0000028900
465	0.0000016800	0.0000028400
466	0.0000016700	0.0000028800
467	0.0000016500	0.0000029300
468	0.0000016900	0.0000029400
469	0.0000016700	0.0000029400
470	0.0000018200	0.0000029000
471	0.0000017000	0.0000029000
472	0.0000017400	0.0000029300
473	0.0000016900	0.0000029500
474	0.0000018200	0.0000032000
475	0.0000017000	0.0000033100
476	0.0000020900	0.0000032300
477	0.0000017800	0.0000031800
478	0.0000016900	0.0000030700
479	0.0000018800	0.0000030400
480	0.0000017100	0.0000030300
481	0.0000017700	0.0000030300
482	0.0000017800	0.0000030200
483	0.0000017200	0.0000030700
484	0.0000017400	0.0000030800
485	0.0000017300	0.0000030700
486	0.0000017500	0.0000030600
487	0.0000017500	0.0000031300
488	0.0000017800	0.0000031200
489	0.0000017600	0.0000031300
490	0.0000017700	0.0000031100
491	0.0000017500	0.0000031500
492	0.0000017700	0.0000031500
493	0.0000017500	0.0000037500
494	0.0000017900	0.0000031200
495	0.0000017800	0.0000031300
496	0.0000019000	0.0000031400
497	0.0000019400	0.0000031700
498	0.0000018200	0.0000031700
499	0.0000017800	0.0000031700
500	0.0000018200	0.0000032900
501	0.0000017800	0.0000031900
502	0.0000018100	0.0000031800
503	0.0000018100	0.0000032500
504	0.0000021100	0.0000032200
505	0.0000018000	0.0000033000
506	0.0000018300	0.0000032000
507	0.0000018700	0.0000032500
508	0.0000018500	0.0000032900
509	0.0000018500	0.0000032300
510	0.0000018500	0.0000032800
511	0.0000018200	0.0000032700
512	0.0000018100	0.0000032400
513	0.0000019300	0.0000032900
514	0.0000018600	0.0000033300
515	0.0000018300	0.0000033100
516	0.0000018200	0.0000033400
517	0.0000018400	0.0000034300
518	0.0000018900	0.0000033400
519	0.0000018700	0.0000033100
520	0.0000018800	0.0000033600
521	0.0000019500	0.0000034400
522	0.0000019200	0.0000033800
523	0.0000018600	0.0000033500
524	0.0000020300	0.0000034200
525	0.0000020000	0.0000033800
526	0.0000019300	0.0000033700
527	0.0000018900	0.0000033700
528	0.0000018900	0.0000034200
529	0.0000018900	0.0000033800
530	0.0000019300	0.0000034700
531	0.0000019200	0.0000034200
532	0.0000021600	0.0000034700
533	0.0000019400	0.0000034300
534	0.0000019300	0.0000034500
535	0.0000019000	0.0000034600
536	0.0000019200	0.0000034600
537	0.0000019700	0.0000034900
538	0.0000020200	0.0000034600
539	0.0000019200	0.0000034800
540	0.0000019100	0.0000034900
541	0.0000019800	0.0000035000
542	0.0000019100	0.0000034500
543	0.0000019600	0.0000035200
544	0.0000019200	0.0000034900
545	0.0000019400	0.0000035100
546	0.0000019800	0.0000035100
547	0.0000019600	0.0000075200
548	0.0000047300	0.0000084100
549	0.0000019700	0.0000035500
550	0.0000020300	0.0000035500
551	0.0000019600	0.0000037300
552	0.0000020300	0.0000036300
553	0.0000019800	0.0000035400
554	0.0000019800	0.0000035700
555	0.0000019700	0.0000037100
556	0.0000020400	0.0000035900
557	0.0000029600	0.0000035400
558	0.0000020000	0.0000036100
559	0.0000022100	0.0000036200
560	0.0000020500	0.0000036900
561	0.0000019900	0.0000035800
562	0.0000022500	0.0000038500
563	0.0000020300	0.0000033800
564	0.0000025600	0.0000041000
565	0.0000023100	0.0000038000
566	0.0000022400	0.0000037600
567	0.0000020800	0.0000036400
568	0.0000020200	0.0000037300
569	0.0000020700	0.0000036800
570	0.0000020500	0.0000037200
571	0.0000030600	0.0000036900
572	0.0000020800	0.0000037500
573	0.0000021200	0.0000037300
574	0.0000020800	0.0000037300
575	0.0000020800	0.0000037500
576	0.0000020900	0.0000037600
577	0.0000020500	0.0000039200
578	0.0000026200	0.0000037200
579	0.0000020900	0.0000037400
580	0.0000021200	0.0000037300
581	0.0000022600	0.0000037600
582	0.0000021000	0.0000037700
583	0.0000020800	0.0000037600
584	0.0000021200	0.0000038100
585	0.0000021400	0.0000037800
586	0.0000021400	0.0000038100
587	0.0000022000	0.0000037700
588	0.0000021200	0.0000039300
589	0.0000021200	0.0000038000
590	0.0000021000	0.0000038100
591	0.0000021000	0.0000037900
592	0.0000027300	0.0000041000
593	0.0000024400	0.0000040200
594	0.0000021600	0.0000039600
595	0.0000023600	0.0000039400
596	0.0000021800	0.0000039100
597	0.0000023300	0.0000038500
598	0.0000026000	0.0000044000
599	0.0000021800	0.0000039600
600	0.0000021500	0.0000038400
601	0.0000023700	0.0000039000
602	0.0000021800	0.0000038800
603	0.0000021400	0.0000038800
604	0.0000021500	0.0000038600
605	0.0000021700	0.0000040500
606	0.0000021500	0.0000039600
607	0.0000021700	0.0000039500
608	0.0000022200	0.0000039800
609	0.0000022100	0.0000039600
610	0.0000021800	0.0000039300
611	0.0000029600	0.0000040700
612	0.0000025300	0.0000043300
613	0.0000021700	0.0000039500
614	0.0000022400	0.0000039400
615	0.0000021800	0.0000040600
616	0.0000021800	0.0000040000
617	0.0000023000	0.0000039600
618	0.0000022300	0.0000040100
619	0.0000027100	0.0000039700
620	0.0000021900	0.0000040300
621	0.0000023100	0.0000040500
622	0.0000023400	0.0000040500
623	0.0000034100	0.0000040100
624	0.0000023100	0.0000040700
625	0.0000022500	0.0000042700
626	0.0000022600	0.0000040500
627	0.0000022800	0.0000040600
628	0.0000022300	0.0000040900
629	0.0000023000	0.0000040400
630	0.0000022700	0.0000040700
631	0.0000022900	0.0000040600
632	0.0000022300	0.0000041500
633	0.0000047200	0.0000092500
634	0.0000044400	0.0000080400
635	0.0000028800	0.0000042500
636	0.0000023000	0.0000041600
637	0.0000025700	0.0000041000
638	0.0000023100	0.0000041500
639	0.0000022700	0.0000040900
640	0.0000023200	0.0000042200
641	0.0000022600	0.0000041400
642	0.0000023700	0.0000041400
643	0.0000023300	0.0000041200
644	0.0000023500	0.0000041700
645	0.0000023100	0.0000041700
646	0.0000024500	0.0000041700
647	0.0000024400	0.0000041700
648	0.0000022900	0.0000042000
649	0.0000023800	0.0000041600
650	0.0000023800	0.0000043100
651	0.0000023500	0.0000041700
652	0.0000023900	0.0000042200
653	0.0000023300	0.0000042000
654	0.0000023400	0.0000042300
655	0.0000023100	0.0000042100
656	0.0000024300	0.0000042200
657	0.0000023300	0.0000042400
658	0.0000023300	0.0000042400
659	0.0000023400	0.0000042600
660	0.0000023800	0.0000043400
661	0.0000025900	0.0000042400
662	0.0000024200	0.0000042700
663	0.0000023700	0.0000043100
664	0.0000024200	0.0000042700
665	0.0000024700	0.0000042700
666	0.0000023800	0.0000042900
667	0.0000023700	0.0000042500
668	0.0000023700	0.0000043000
669	0.0000023900	0.0000043200
670	0.0000024200	0.0000043400
671	0.0000023900	0.0000043100
672	0.0000024500	0.0000043600
673	0.0000025200	0.0000044100
674	0.0000024000	0.0000044300
675	0.0000024000	0.0000043400
676	0.0000027200	0.0000044600
677	0.0000024200	0.0000043300
678	0.0000024000	0.0000044000
679	0.0000025000	0.0000044100
680	0.0000026200	0.0000045600
681	0.0000024400	0.0000043500
682	0.0000024500	0.0000044200
683	0.0000024300	0.0000043200
684	0.0000024700	0.0000044300
685	0.0000024900	0.0000043800
686	0.0000024500	0.0000044300
687	0.0000024500	0.0000044100
688	0.0000026200	0.0000044200
689	0.0000025700	0.0000044300
690	0.0000028000	0.0000044300
691	0.0000024500	0.0000044300
692	0.0000024500	0.0000044500
693	0.0000025000	0.0000044400
694	0.0000024500	0.0000044800
695	0.0000025200	0.0000044400
696	0.0000025500	0.0000045000
697	0.0000025900	0.0000044600
698	0.0000025200	0.0000045500
699	0.0000024900	0.0000044600
700	0.0000024800	0.0000044500
701	0.0000026100	0.0000045700
702	0.0000026200	0.0000044800
703	0.0000024600	0.0000044900
704	0.0000025300	0.0000045700
705	0.0000026100	0.0000045200
706	0.0000025400	0.0000045100
707	0.0000025000	0.0000045700
708	0.0000026900	0.0000045600
709	0.0000025600	0.0000044900
710	0.0000028100	0.0000045800
711	0.0000025700	0.0000045500
712	0.0000025100	0.0000045700
713	0.0000025700	0.0000045500
714	0.0000027300	0.0000047200
715	0.0000025400	0.0000045900
716	0.0000026100	0.0000046000
717	0.0000025600	0.0000048700
718	0.0000026300	0.0000045900
719	0.0000025400	0.0000045800
720	0.0000029700	0.0000052400
721	0.0000026000	0.0000046300
722	0.0000028300	0.0000046500
723	0.0000027900	0.0000046300
724	0.0000026300	0.0000046300
725	0.0000031300	0.0000047400
726	0.0000031500	0.0000050600
727	0.0000026800	0.0000053800
728	0.0000031500	0.0000052700
729	0.0000028600	0.0000045400
730	0.0000026600	0.0000054600
731	0.0000028500	0.0000048500
732	0.0000027500	0.0000047600
733	0.0000026700	0.0000047600
734	0.0000028400	0.0000047900
735	0.0000027200	0.0000048300
736	0.0000029300	0.0000048300
737	0.0000027100	0.0000048500
738	0.0000028700	0.0000050800
739	0.0000026200	0.0000047900
740	0.0000026800	0.0000048400
741	0.0000028500	0.0000047200
742	0.0000026500	0.0000048500
743	0.0000027100	0.0000047500
744	0.0000026500	0.0000047800
745	0.0000027200	0.0000047700
746	0.0000027100	0.0000048000
747	0.0000027000	0.0000047700
748	0.0000027800	0.0000048000
749	0.0000026900	0.0000047800
750	0.0000026700	0.0000049300
751	0.0000027100	0.0000048800
752	0.0000026900	0.0000048300
753	0.0000027000	0.0000047900
754	0.0000027300	0.0000048100
755	0.0000028800	0.0000049300
756	0.0000027300	0.0000048300
757	0.0000027000	0.0000048200
758	0.0000027600	0.0000049700
759	0.0000027400	0.0000048700
760	0.0000026700	0.0000048600
761	0.0000028000	0.0000048200
762	0.0000027200	0.0000048900
763	0.0000028000	0.0000048500
764	0.0000028600	0.0000048900
765	0.0000027800	0.0000048300
766	0.0000027900	0.0000049100
767	0.0000028200	0.0000049000
768	0.0000027300	0.0000048900
769	0.0000028100	0.0000049000
770	0.0000028100	0.0000049000
771	0.0000028000	0.0000049000
772	0.0000027600	0.0000049300
773	0.0000061500	0.0000109100
774	0.0000054900	0.0000095900
775	0.0000053800	0.0000095500
776	0.0000066900	0.0000116700
777	0.0000038200	0.0000055300
778	0.0000031800	0.0000052200
779	0.0000029300	0.0000050900
780	0.0000033200	0.0000058700
781	0.0000027700	0.0000052200
782	0.0000028200	0.0000050400
783	0.0000028000	0.0000050300
784	0.0000028600	0.0000049700
785	0.0000031800	0.0000050100
786	0.0000027900	0.0000049900
787	0.0000028500	0.0000050200
788	0.0000032800	0.0000050200
789	0.0000027900	0.0000053300
790	0.0000027900	0.0000051700
791	0.0000028700	0.0000050800
792	0.0000029800	0.0000050400
793	0.0000029100	0.0000050100
794	0.0000029000	0.0000050700
795	0.0000028900	0.0000050300
796	0.0000061700	0.0000098100
797	0.0000056900	0.0000098000
798	0.0000056100	0.0000075200
799	0.0000028500	0.0000052000
800	0.0000028400	0.0000052900
801	0.0000028500	0.0000050900
802	0.0000029100	0.0000051400
803	0.0000028900	0.0000051000
804	0.0000028300	0.0000051500
805	0.0000028700	0.0000051100
806	0.0000028700	0.0000051700
807	0.0000028500	0.0000051400
808	0.0000028300	0.0000052900
809	0.0000029500	0.0000054500
810	0.0000030300	0.0000052900
811	0.0000029600	0.0000051600
812	0.0000030100	0.0000051700
813	0.0000029000	0.0000052500
814	0.0000029400	0.0000052000
815	0.0000029300	0.0000051700
816	0.0000029800	0.0000052000
817	0.0000029200	0.0000052300
818	0.0000029200	0.0000052000
819	0.0000029300	0.0000053300
820	0.0000035800	0.0000055800
821	0.0000029800	0.0000054000
822	0.0000028900	0.0000053300
823	0.0000029000	0.0000052300
824	0.0000037400	0.0000052800
825	0.0000030700	0.0000052400
826	0.0000030800	0.0000055000
827	0.0000030200	0.0000053600
828	0.0000029000	0.0000053300
829	0.0000030800	0.0000053700
830	0.0000029600	0.0000053700
831	0.0000036900	0.0000057200
832	0.0000030500	0.0000053200
833	0.0000030000	0.0000052900
834	0.0000029500	0.0000053300
835	0.0000029400	0.0000053100
836	0.0000032200	0.0000053900
837	0.0000029500	0.0000053400
838	0.0000030000	0.0000053200
839	0.0000030600	0.0000053100
840	0.0000030200	0.0000053200
841	0.0000031800	0.0000055400
842	0.0000033800	0.0000053900
843	0.0000030200	0.0000054400
844	0.0000034000	0.0000054700
845	0.0000030600	0.0000054400
846	0.0000031700	0.0000056100
847	0.0000030300	0.0000054400
848	0.0000030300	0.0000054300
849	0.0000045200	0.0000055000
850	0.0000030500	0.0000054600
851	0.0000030400	0.0000057800
852	0.0000037300	0.0000061400
853	0.0000032500	0.0000054700
854	0.0000030500	0.0000055000
855	0.0000036800	0.0000061200
856	0.0000031300	0.0000055900
857	0.0000031700	0.0000056500
858	0.0000032900	0.0000055100
859	0.0000030900	0.0000054600
860	0.0000031500	0.0000054500
861	0.0000031400	0.0000055500
862	0.0000033300	0.0000056200
863	0.0000032100	0.0000054500
864	0.0000030500	0.0000054400
865	0.0000030800	0.0000055000
866	0.0000031300	0.0000054700
867	0.0000030700	0.0000054500
868	0.0000031500	0.0000055700
869	0.0000034400	0.0000055000
870	0.0000031200	0.0000054800
871	0.0000030800	0.0000055700
872	0.0000034900	0.0000058200
873	0.0000031700	0.0000055000
874	0.0000031400	0.0000055500
875	0.0000031400	0.0000055200
876	0.0000031400	0.0000057000
877	0.0000031700	0.0000057400
878	0.0000032000	0.0000055900
879	0.0000031000	0.0000055600
880	0.0000031200	0.0000057100
881	0.0000032300	0.0000058500
882	0.0000032700	0.0000058600
883	0.0000031900	0.0000055800
884	0.0000031300	0.0000056000
885	0.0000031900	0.0000057400
886	0.0000033200	0.0000056100
887	0.0000031500	0.0000056200
888	0.0000031300	0.0000056200
889	0.0000031400	0.0000056000
890	0.0000034100	0.0000056100
891	0.0000032400	0.0000056600
892	0.0000042000	0.0000060400
893	0.0000032800	0.0000056500
894	0.0000033300	0.0000056800
895	0.0000031600	0.0000056700
896	0.0000032700	0.0000057300
897	0.0000035800	0.0000056800
898	0.0000031800	0.0000057000
899	0.0000032800	0.0000056900
900	0.0000032700	0.0000056900
901	0.0000036800	0.0000069900
902	0.0000032700	0.0000057200
903	0.0000032600	0.0000059400
904	0.0000035100	0.0000057700
905	0.0000031900	0.0000057300
906	0.0000034000	0.0000064400
907	0.0000036300	0.0000059600
908	0.0000033100	0.0000058100
909	0.0000032800	0.0000058400
910	0.0000033000	0.0000066700
911	0.0000035300	0.0000060800
912	0.0000032100	0.0000058500
913	0.0000032700	0.0000059100
914	0.0000033400	0.0000058600
915	0.0000033400	0.0000059400
916	0.0000033000	0.0000058100
917	0.0000035600	0.0000057700
918	0.0000033500	0.0000058200
919	0.0000033000	0.0000058300
920	0.0000033800	0.0000068200
921	0.0000034500	0.0000057700
922	0.0000035100	0.0000058500
923	0.0000033900	0.0000058200
924	0.0000032700	0.0000059100
925	0.0000033300	0.0000058100
926	0.0000033600	0.0000058600
927	0.0000032700	0.0000058800
928	0.0000032800	0.0000059400
929	0.0000032800	0.0000058900
930	0.0000048900	0.0000063900
931	0.0000033700	0.0000060000
932	0.0000033800	0.0000058800
933	0.0000033600	0.0000058600
934	0.0000033700	0.0000059100
935	0.0000033600	0.0000058800
936	0.0000034700	0.0000059000
937	0.0000034000	0.0000059000
938	0.0000034000	0.0000061600
939	0.0000033900	0.0000059400
940	0.0000036000	0.0000062100
941	0.0000036700	0.0000059100
942	0.0000033800	0.0000059800
943	0.0000033200	0.0000059000
944	0.0000039000	0.0000059900
945	0.0000036600	0.0000061100
946	0.0000034500	0.0000060800
947	0.0000050400	0.0000061400
948	0.0000034400	0.0000061500
949	0.0000037000	0.0000064800
950	0.0000033900	0.0000061400
951	0.0000034000	0.0000060400
952	0.0000034400	0.0000060500
953	0.0000038000	0.0000059800
954	0.0000033900	0.0000060200
955	0.0000037000	0.0000060000
956	0.0000034700	0.0000060600
957	0.0000034100	0.0000060500
958	0.0000037300	0.0000064700
959	0.0000034300	0.0000060300
960	0.0000042800	0.0000061900
961	0.0000034300	0.0000060500
962	0.0000035500	0.0000060900
963	0.0000035000	0.0000060900
964	0.0000034200	0.0000061500
965	0.0000037400	0.0000060700
966	0.0000036700	0.0000061500
967	0.0000036900	0.0000060900
968	0.0000034500	0.0000061200
969	0.0000036200	0.0000062000
970	0.0000034700	0.0000061600
971	0.0000034900	0.0000060600
972	0.0000034900	0.0000062000
973	0.0000038500	0.0000060900
974	0.0000035400	0.0000118700
975	0.0000071700	0.0000122300
976	0.0000035200	0.0000062700
977	0.0000035100	0.0000061400
978	0.0000035200	0.0000061700
979	0.0000036500	0.0000061600
980	0.0000035600	0.0000062000
981	0.0000035700	0.0000064000
982	0.0000036600	0.0000062100
983	0.0000034900	0.0000063100
984	0.0000035700	0.0000064600
985	0.0000035300	0.0000065100
986	0.0000035100	0.0000062000
987	0.0000035800	0.0000063800
988	0.0000036000	0.0000062300
989	0.0000035700	0.0000062800
990	0.0000035700	0.0000063000
991	0.0000036100	0.0000064000
992	0.0000035300	0.0000066100
993	0.0000036700	0.0000068000
994	0.0000037000	0.0000064600
995	0.0000035600	0.0000063800
996	0.0000036100	0.0000062900
997	0.0000036700	0.0000062500
998	0.0000036300	0.0000065100
999	0.0000036300	0.0000062900
1000	0.0000035100	0.0000063600
1001	0.0000036200	0.0000064000
1002	0.0000041100	0.0000070400
1003	0.0000036400	0.0000063500
1004	0.0000036200	0.0000063300
1005	0.0000036000	0.0000063000
1006	0.0000036700	0.0000063600
1007	0.0000036200	0.0000063500
1008	0.0000085700	0.0000101800
1009	0.0000035500	0.0000063800
1010	0.0000038400	0.0000066600
1011	0.0000036500	0.0000063200
1012	0.0000039800	0.0000065000
1013	0.0000036700	0.0000063600
1014	0.0000037100	0.0000065600
1015	0.0000037700	0.0000064000
1016	0.0000036600	0.0000071400
1017	0.0000042300	0.0000063400
1018	0.0000036300	0.0000066400
1019	0.0000048400	0.0000141300
1020	0.0000072300	0.0000125400
1021	0.0000069400	0.0000125000
1022	0.0000070600	0.0000113200
1023	0.0000037300	0.0000064400
1024	0.0000036700	0.0000064800
1025	0.0000037300	0.0000065300
1026	0.0000036600	0.0000161800
1027	0.0000087600	0.0000087600
1028	0.0000036800	0.0000065000
1029	0.0000041100	0.0000064800
1030	0.0000037100	0.0000065600
1031	0.0000040700	0.0000077100
1032	0.0000037800	0.0000067600
1033	0.0000036900	0.0000065100
1034	0.0000038200	0.0000067100
1035	0.0000037300	0.0000065400
1036	0.0000037200	0.0000065400
1037	0.0000037500	0.0000064900
1038	0.0000037200	0.0000065700
1039	0.0000037700	0.0000065800
1040	0.0000038300	0.0000068700
1041	0.0000039400	0.0000065200
1042	0.0000037100	0.0000067500
1043	0.0000039000	0.0000065200
1044	0.0000039800	0.0000066200
1045	0.0000038600	0.0000065300
1046	0.0000037500	0.0000066300
1047	0.0000037700	0.0000066200
1048	0.0000037800	0.0000066000
1049	0.0000055800	0.0000066400
1050	0.0000037400	0.0000066300
1051	0.0000086400	0.0000130100
1052	0.0000059100	0.0000072200
1053	0.0000037800	0.0000066000
1054	0.0000038800	0.0000066700
1055	0.0000037800	0.0000067900
1056	0.0000045300	0.0000067100
1057	0.0000038100	0.0000066300
1058	0.0000039100	0.0000066600
1059	0.0000038200	0.0000066300
1060	0.0000037600	0.0000066800
1061	0.0000039700	0.0000066800
1062	0.0000038600	0.0000067200
1063	0.0000038100	0.0000066700
1064	0.0000043900	0.0000155000
1065	0.0000074200	0.0000100800
1066	0.0000040500	0.0000067300
1067	0.0000038700	0.0000067000
1068	0.0000038700	0.0000067500
1069	0.0000041600	0.0000067100
1070	0.0000038900	0.0000067800
1071	0.0000037800	0.0000070700
1072	0.0000039200	0.0000067400
1073	0.0000038800	0.0000067100
1074	0.0000038500	0.0000068100
1075	0.0000038600	0.0000067700
1076	0.0000038900	0.0000069000
1077	0.0000038800	0.0000067600
1078	0.0000041100	0.0000067900
1079	0.0000038600	0.0000068800
1080	0.0000040800	0.0000070400
1081	0.0000039300	0.0000068100
1082	0.0000038600	0.0000069000
1083	0.0000039200	0.0000068000
1084	0.0000038000	0.0000068700
1085	0.0000038000	0.0000068500
1086	0.0000039200	0.0000068400
1087	0.0000039000	0.0000068200
1088	0.0000043700	0.0000076500
1089	0.0000039000	0.0000068300
1090	0.0000040100	0.0000069600
1091	0.0000039500	0.0000070700
1092	0.0000038800	0.0000070000
1093	0.0000039600	0.0000068800
1094	0.0000039100	0.0000070500
1095	0.0000038300	0.0000068800
1096	0.0000039200	0.0000075200
1097	0.0000041900	0.0000068800
1098	0.0000038800	0.0000070800
1099	0.0000086500	0.0000133900
1100	0.0000075800	0.0000134800
1101	0.0000038600	0.0000068700
1102	0.0000040400	0.0000072600
1103	0.0000039600	0.0000069200
1104	0.0000039900	0.0000071000
1105	0.0000039700	0.0000069500
1106	0.0000039900	0.0000069800
1107	0.0000039400	0.0000069500
1108	0.0000038700	0.0000069900
1109	0.0000102100	0.0000166600
1110	0.0000040300	0.0000069100
1111	0.0000039900	0.0000069800
1112	0.0000040500	0.0000069500
1113	0.0000039500	0.0000139200
1114	0.0000078000	0.0000147700
1115	0.0000066000	0.0000082700
1116	0.0000040400	0.0000072000
1117	0.0000039200	0.0000070000
1118	0.0000039700	0.0000071400
1119	0.0000039800	0.0000070100
1120	0.0000040800	0.0000072000
1121	0.0000044700	0.0000070800
1122	0.0000039900	0.0000072000
1123	0.0000040600	0.0000074600
1124	0.0000044300	0.0000070800
1125	0.0000040400	0.0000070900
1126	0.0000042100	0.0000071200
1127	0.0000041100	0.0000071100
1128	0.0000040800	0.0000070600
1129	0.0000041000	0.0000070800
1130	0.0000039900	0.0000071100
1131	0.0000042500	0.0000075500
1132	0.0000040300	0.0000074100
1133	0.0000044000	0.0000072300
1134	0.0000049300	0.0000071800
1135	0.0000039900	0.0000072000
1136	0.0000040300	0.0000071500
1137	0.0000040200	0.0000074000
1138	0.0000043800	0.0000071600
1139	0.0000053700	0.0000078200
1140	0.0000050800	0.0000071300
1141	0.0000042300	0.0000071500
1142	0.0000041500	0.0000071800
1143	0.0000040900	0.0000071900
1144	0.0000041600	0.0000071700
1145	0.0000040600	0.0000072600
1146	0.0000042700	0.0000073100
1147	0.0000045000	0.0000074400
1148	0.0000042000	0.0000072000
1149	0.0000045100	0.0000072100
1150	0.0000040500	0.0000073500
1151	0.0000040800	0.0000072100
1152	0.0000042000	0.0000073400
1153	0.0000040400	0.0000072000
1154	0.0000041300	0.0000074300
1155	0.0000041700	0.0000073700
1156	0.0000042100	0.0000073000
1157	0.0000041000	0.0000072100
1158	0.0000045100	0.0000073800
1159	0.0000041100	0.0000072400
1160	0.0000041000	0.0000072600
1161	0.0000042100	0.0000072800
1162	0.0000042200	0.0000074800
1163	0.0000042800	0.0000075600
1164	0.0000042400	0.0000073100
1165	0.0000041400	0.0000074200
1166	0.0000042200	0.0000073800
1167	0.0000042400	0.0000073100
1168	0.0000042400	0.0000073900
1169	0.0000043400	0.0000073200
1170	0.0000050000	0.0000080700
1171	0.0000042500	0.0000073000
1172	0.0000044900	0.0000073700
1173	0.0000041300	0.0000073200
1174	0.0000044100	0.0000074500
1175	0.0000042400	0.0000074000
1176	0.0000042200	0.0000074800
1177	0.0000042200	0.0000074500
1178	0.0000053100	0.0000088900
1179	0.0000042700	0.0000074600
1180	0.0000085200	0.0000145400
1181	0.0000095400	0.0000169400
1182	0.0000103000	0.0000112700
1183	0.0000042600	0.0000077700
1184	0.0000062800	0.0000080200
1185	0.0000042400	0.0000077200
1186	0.0000042000	0.0000074600
1187	0.0000042900	0.0000074800
1188	0.0000043100	0.0000075300
1189	0.0000057100	0.0000076000
1190	0.0000043400	0.0000076300
1191	0.0000043000	0.0000074500
1192	0.0000043900	0.0000076000
1193	0.0000043300	0.0000075800
1194	0.0000043100	0.0000076400
1195	0.0000043400	0.0000074800
1196	0.0000049700	0.0000103800
1197	0.0000049400	0.0000085100
1198	0.0000043900	0.0000078200
1199	0.0000043500	0.0000075900
1200	0.0000043300	0.0000076500
1201	0.0000042200	0.0000075500
1202	0.0000043300	0.0000075500
1203	0.0000043900	0.0000081400
1204	0.0000044800	0.0000076900
1205	0.0000047300	0.0000075700
1206	0.0000044000	0.0000075600
1207	0.0000043700	0.0000075900
1208	0.0000042600	0.0000076300
1209	0.0000043300	0.0000075800
1210	0.0000043100	0.0000076300
1211	0.0000043200	0.0000076800
1212	0.0000045900	0.0000076100
1213	0.0000043100	0.0000102900
1214	0.0000120600	0.0000119500
1215	0.0000043100	0.0000077500
1216	0.0000055000	0.0000076300
1217	0.0000048900	0.0000076900
1218	0.0000045400	0.0000076500
1219	0.0000044300	0.0000077000
1220	0.0000043300	0.0000076700
1221	0.0000044500	0.0000076800
1222	0.0000043800	0.0000078000
1223	0.0000043500	0.0000077100
1224	0.0000044100	0.0000078600
1225	0.0000049400	0.0000077200
1226	0.0000045300	0.0000076600
1227	0.0000044600	0.0000077000
1228	0.0000044500	0.0000077300
1229	0.0000048500	0.0000077100
1230	0.0000044200	0.0000077100
1231	0.0000044100	0.0000077800
1232	0.0000054500	0.0000077300
1233	0.0000046600	0.0000077000
1234	0.0000045100	0.0000077800
1235	0.0000045000	0.0000079800
1236	0.0000044900	0.0000077600
1237	0.0000044800	0.0000077500
1238	0.0000046100	0.0000078000
1239	0.0000045000	0.0000077300
1240	0.0000045500	0.0000077700
1241	0.0000045500	0.0000077900
1242	0.0000045300	0.0000077900
1243	0.0000045300	0.0000077700
1244	0.0000045600	0.0000077800
1245	0.0000067200	0.0000076900
1246	0.0000045600	0.0000078000
1247	0.0000046100	0.0000079000
1248	0.0000059200	0.0000085600
1249	0.0000045000	0.0000080100
1250	0.0000045000	0.0000079000
1251	0.0000045200	0.0000078300
1252	0.0000045000	0.0000078000
1253	0.0000044800	0.0000078300
1254	0.0000045700	0.0000078700
1255	0.0000045400	0.0000078100
1256	0.0000045200	0.0000078400
1257	0.0000046100	0.0000078900
1258	0.0000046000	0.0000078800
1259	0.0000046000	0.0000079400
1260	0.0000046700	0.0000078800
1261	0.0000045200	0.0000078300
1262	0.0000045100	0.0000078800
1263	0.0000044900	0.0000079200
1264	0.0000045700	0.0000080400
1265	0.0000045300	0.0000079700
1266	0.0000046400	0.0000079200
1267	0.0000045600	0.0000079300
1268	0.0000049600	0.0000079300
1269	0.0000051700	0.0000082400
1270	0.0000046300	0.0000079600
1271	0.0000045300	0.0000080200
1272	0.0000046600	0.0000080300
1273	0.0000045000	0.0000080000
1274	0.0000049600	0.0000079900
1275	0.0000047100	0.0000079600
1276	0.0000045500	0.0000080800
1277	0.0000047100	0.0000079800
1278	0.0000047500	0.0000080800
1279	0.0000044800	0.0000079900
1280	0.0000046500	0.0000080600
1281	0.0000045300	0.0000080200
1282	0.0000046400	0.0000081000
1283	0.0000045100	0.0000081200
1284	0.0000045600	0.0000080700
1285	0.0000048600	0.0000080200
1286	0.0000046000	0.0000080800
1287	0.0000046900	0.0000080500
1288	0.0000048200	0.0000081300
1289	0.0000046100	0.0000080600
1290	0.0000047400	0.0000081400
1291	0.0000048600	0.0000080700
1292	0.0000047200	0.0000081400
1293	0.0000046800	0.0000081400
1294	0.0000053000	0.0000080900
1295	0.0000049100	0.0000081300
1296	0.0000047300	0.0000081600
1297	0.0000050900	0.0000081300
1298	0.0000046200	0.0000082300
1299	0.0000046500	0.0000081400
1300	0.0000049900	0.0000081300
1301	0.0000051100	0.0000081700
1302	0.0000047900	0.0000081900
1303	0.0000046400	0.0000082700
1304	0.0000048000	0.0000081200
1305	0.0000050300	0.0000082100
1306	0.0000046600	0.0000083800
1307	0.0000047600	0.0000081900
1308	0.0000046900	0.0000083600
1309	0.0000048000	0.0000082000
1310	0.0000048600	0.0000081800
1311	0.0000045900	0.0000081800
1312	0.0000051600	0.0000082500
1313	0.0000047400	0.0000082900
1314	0.0000047800	0.0000081900
1315	0.0000046700	0.0000082300
1316	0.0000049600	0.0000082200
1317	0.0000048400	0.0000082400
1318	0.0000052300	0.0000083100
1319	0.0000047000	0.0000082600
1320	0.0000047500	0.0000082400
1321	0.0000048000	0.0000083200
1322	0.0000047900	0.0000082800
1323	0.0000047800	0.0000083400
1324	0.0000053300	0.0000082500
1325	0.0000047800	0.0000083200
1326	0.0000048700	0.0000083300
1327	0.0000047800	0.0000083000
1328	0.0000049300	0.0000084100
1329	0.0000048800	0.0000083300
1330	0.0000048500	0.0000083200
1331	0.0000047700	0.0000082700
1332	0.0000047800	0.0000083400
1333	0.0000049000	0.0000083800
1334	0.0000047300	0.0000083600
1335	0.0000048400	0.0000083500
1336	0.0000048200	0.0000084200
1337	0.0000048400	0.0000083600
1338	0.0000049200	0.0000083600
1339	0.0000047600	0.0000083400
1340	0.0000049700	0.0000084000
1341	0.0000048200	0.0000084300
1342	0.0000049100	0.0000084900
1343	0.0000048700	0.0000083700
1344	0.0000048100	0.0000084000
1345	0.0000048100	0.0000083000
1346	0.0000047900	0.0000085000
1347	0.0000048400	0.0000083900
1348	0.0000048600	0.0000084900
1349	0.0000048600	0.0000084100
1350	0.0000048200	0.0000084800
1351	0.0000049100	0.0000084700
1352	0.0000048500	0.0000084500
1353	0.0000049700	0.0000084900
1354	0.0000048000	0.0000085200
1355	0.0000048500	0.0000085100
1356	0.0000053400	0.0000085300
1357	0.0000048600	0.0000085200
1358	0.0000049800	0.0000085400
1359	0.0000049800	0.0000085700
1360	0.0000048100	0.0000084800
1361	0.0000049800	0.0000084900
1362	0.0000049100	0.0000086100
1363	0.0000048800	0.0000084700
1364	0.0000051000	0.0000085800
1365	0.0000049000	0.0000085200
1366	0.0000050000	0.0000085500
1367	0.0000048600	0.0000087600
1368	0.0000059300	0.0000088900
1369	0.0000059500	0.0000085400
1370	0.0000050900	0.0000086700
1371	0.0000048900	0.0000085600
1372	0.0000050500	0.0000085900
1373	0.0000049500	0.0000086100
1374	0.0000049900	0.0000086100
1375	0.0000050600	0.0000086500
1376	0.0000061900	0.0000086100
1377	0.0000049300	0.0000091900
1378	0.0000048800	0.0000088300
1379	0.0000050800	0.0000088100
1380	0.0000050500	0.0000086400
1381	0.0000050200	0.0000085700
1382	0.0000050800	0.0000086400
1383	0.0000049700	0.0000086400
1384	0.0000049400	0.0000086900
1385	0.0000049100	0.0000086300
1386	0.0000050600	0.0000086600
1387	0.0000050700	0.0000087300
1388	0.0000049000	0.0000087000
1389	0.0000051500	0.0000087000
1390	0.0000050000	0.0000091600
1391	0.0000049100	0.0000086900
1392	0.0000050000	0.0000087300
1393	0.0000049300	0.0000087100
1394	0.0000051100	0.0000087000
1395	0.0000050500	0.0000087800
1396	0.0000050900	0.0000087400
1397	0.0000050800	0.0000087400
1398	0.0000070600	0.0000087900
1399	0.0000051300	0.0000088000
1400	0.0000049400	0.0000087400
1401	0.0000053200	0.0000088600
1402	0.0000050300	0.0000087100
1403	0.0000051100	0.0000088200
1404	0.0000050100	0.0000087500
1405	0.0000068600	0.0000088300
1406	0.0000051900	0.0000087500
1407	0.0000049600	0.0000087900
1408	0.0000050100	0.0000087500
1409	0.0000052900	0.0000088600
1410	0.0000050600	0.0000087600
1411	0.0000051200	0.0000088400
1412	0.0000050900	0.0000088500
1413	0.0000050800	0.0000088300
1414	0.0000050200	0.0000088400
1415	0.0000050300	0.0000088800
1416	0.0000050000	0.0000088300
1417	0.0000050900	0.0000088700
1418	0.0000050400	0.0000088200
1419	0.0000051000	0.0000089000
1420	0.0000051600	0.0000088200
1421	0.0000050600	0.0000088900
1422	0.0000050500	0.0000089100
1423	0.0000050500	0.0000088900
1424	0.0000052000	0.0000088900
1425	0.0000051100	0.0000089500
1426	0.0000051000	0.0000089300
1427	0.0000051400	0.0000089200
1428	0.0000053100	0.0000089200
1429	0.0000051500	0.0000090600
1430	0.0000057200	0.0000089100
1431	0.0000050800	0.0000089800
1432	0.0000055300	0.0000090000
1433	0.0000054300	0.0000089600
1434	0.0000058500	0.0000089600
1435	0.0000051800	0.0000090200
1436	0.0000050700	0.0000090100
1437	0.0000051800	0.0000089700
1438	0.0000052800	0.0000091400
1439	0.0000053800	0.0000091700
1440	0.0000050700	0.0000089800
1441	0.0000054400	0.0000091000
1442	0.0000052800	0.0000090100
1443	0.0000052400	0.0000092500
1444	0.0000052300	0.0000090800
1445	0.0000051500	0.0000090000
1446	0.0000057800	0.0000092600
1447	0.0000053500	0.0000091000
1448	0.0000061100	0.0000091900
1449	0.0000053700	0.0000090600
1450	0.0000051900	0.0000091100
1451	0.0000052000	0.0000090700
1452	0.0000052400	0.0000090900
1453	0.0000052700	0.0000091600
1454	0.0000053000	0.0000090400
1455	0.0000051200	0.0000091200
1456	0.0000065900	0.0000091400
1457	0.0000052300	0.0000091200
1458	0.0000052900	0.0000091500
1459	0.0000053500	0.0000091000
1460	0.0000054800	0.0000091400
1461	0.0000058500	0.0000091600
1462	0.0000052100	0.0000091500
1463	0.0000052900	0.0000091200
1464	0.0000053300	0.0000090500
1465	0.0000053000	0.0000091900
1466	0.0000053000	0.0000091600
1467	0.0000056900	0.0000091500
1468	0.0000052200	0.0000091600
1469	0.0000053600	0.0000091700
1470	0.0000052200	0.0000090600
1471	0.0000052500	0.0000092200
1472	0.0000052500	0.0000091800
1473	0.0000051700	0.0000091100
1474	0.0000052500	0.0000092500
1475	0.0000051900	0.0000091600
1476	0.0000054000	0.0000095100
1477	0.0000057400	0.0000095300
1478	0.0000052300	0.0000092500
1479	0.0000054000	0.0000094800
1480	0.0000055700	0.0000098200
1481	0.0000054500	0.0000094100
1482	0.0000053300	0.0000092300
1483	0.0000057400	0.0000093000
1484	0.0000053400	0.0000093600
1485	0.0000053100	0.0000092800
1486	0.0000054000	0.0000094800
1487	0.0000052800	0.0000096400
1488	0.0000056900	0.0000092800
1489	0.0000052800	0.0000093500
1490	0.0000053900	0.0000093400
1491	0.0000053800	0.0000093100
1492	0.0000054100	0.0000093200
1493	0.0000058000	0.0000093100
1494	0.0000054700	0.0000093300
1495	0.0000078500	0.0000093200
1496	0.0000053400	0.0000093200
1497	0.0000060700	0.0000094200
1498	0.0000054600	0.0000093600
1499	0.0000054200	0.0000093100
