1	0.000012454000000	0.000017642000000
2	0.000006326000000	0.000008666000000
3	0.000005766000000	0.000008900000000
4	0.000006206000000	0.000008734000000
5	0.000005906000000	0.000013688000000
6	0.000007322000000	0.000008574000000
7	0.000006336000000	0.000009142000000
8	0.000013156000000	0.000010000000000
9	0.000008024000000	0.000012516000000
10	0.000006910000000	0.000009718000000
11	0.000006594000000	0.000015604000000
12	0.000006514000000	0.000008576000000
13	0.000006894000000	0.000008834000000
14	0.000011046000000	0.000012430000000
15	0.000007224000000	0.000008722000000
16	0.000007308000000	0.000013490000000
17	0.000007200000000	0.000009354000000
18	0.000007266000000	0.000010710000000
19	0.000014020000000	0.000014874000000
20	0.000007456000000	0.000014032000000
21	0.000012426000000	0.000008700000000
22	0.000007592000000	0.000014870000000
23	0.000007806000000	0.000009182000000
24	0.000007998000000	0.000012582000000
25	0.000008148000000	0.000008884000000
26	0.000007982000000	0.000009082000000
27	0.000008076000000	0.000009058000000
28	0.000008430000000	0.000008856000000
29	0.000008276000000	0.000009194000000
30	0.000008350000000	0.000008880000000
31	0.000008768000000	0.000009524000000
32	0.000008658000000	0.000009286000000
33	0.000008726000000	0.000009196000000
34	0.000008912000000	0.000009180000000
35	0.000008974000000	0.000009188000000
36	0.000008804000000	0.000009140000000
37	0.000009096000000	0.000008918000000
38	0.000009128000000	0.000009290000000
39	0.000009476000000	0.000009134000000
40	0.000009342000000	0.000008874000000
41	0.000009462000000	0.000013328000000
42	0.000010006000000	0.000009090000000
43	0.000009560000000	0.000008956000000
44	0.000015920000000	0.000009042000000
45	0.000009998000000	0.000010976000000
46	0.000010586000000	0.000009134000000
47	0.000010390000000	0.000009480000000
48	0.000010082000000	0.000008972000000
49	0.000010400000000	0.000011386000000
50	0.000012530000000	0.000014072000000
51	0.000012714000000	0.000009714000000
52	0.000014100000000	0.000009226000000
53	0.000010566000000	0.000009658000000
54	0.000010794000000	0.000009220000000
55	0.000010804000000	0.000009174000000
56	0.000014794000000	0.000013858000000
57	0.000011672000000	0.000009300000000
58	0.000011118000000	0.000009132000000
59	0.000014978000000	0.000009010000000
60	0.000011334000000	0.000009278000000
61	0.000011276000000	0.000009362000000
62	0.000011450000000	0.000009298000000
63	0.000015770000000	0.000012950000000
64	0.000011558000000	0.000009318000000
65	0.000011950000000	0.000009336000000
66	0.000011712000000	0.000009060000000
67	0.000012112000000	0.000009150000000
68	0.000012096000000	0.000009172000000
69	0.000012106000000	0.000014892000000
70	0.000011994000000	0.000009808000000
71	0.000012316000000	0.000009766000000
72	0.000012642000000	0.000009714000000
73	0.000012468000000	0.000009286000000
74	0.000012386000000	0.000009226000000
75	0.000012692000000	0.000013006000000
76	0.000012732000000	0.000009218000000
77	0.000012754000000	0.000009168000000
78	0.000012878000000	0.000009248000000
79	0.000013170000000	0.000009146000000
80	0.000012964000000	0.000009660000000
81	0.000013238000000	0.000009172000000
82	0.000017104000000	0.000009298000000
83	0.000015732000000	0.000009230000000
84	0.000013342000000	0.000009192000000
85	0.000013450000000	0.000035886000000
86	0.000013726000000	0.000009242000000
87	0.000013846000000	0.000009480000000
88	0.000019448000000	0.000009236000000
89	0.000013864000000	0.000013002000000
90	0.000014160000000	0.000009154000000
91	0.000014028000000	0.000009182000000
92	0.000014904000000	0.000010080000000
93	0.000018946000000	0.000009298000000
94	0.000015084000000	0.000010154000000
95	0.000014664000000	0.000010270000000
96	0.000014770000000	0.000009730000000
97	0.000014660000000	0.000009482000000
98	0.000014764000000	0.000009684000000
99	0.000014622000000	0.000009786000000
100	0.000014868000000	0.000009670000000
101	0.000014974000000	0.000009680000000
102	0.000014720000000	0.000009836000000
103	0.000015182000000	0.000009948000000
104	0.000019478000000	0.000009352000000
105	0.000015266000000	0.000009320000000
106	0.000015498000000	0.000009242000000
107	0.000016056000000	0.000009256000000
108	0.000015496000000	0.000009256000000
109	0.000015584000000	0.000009290000000
110	0.000015834000000	0.000009640000000
111	0.000015962000000	0.000009408000000
112	0.000016052000000	0.000009590000000
113	0.000016176000000	0.000009664000000
114	0.000016230000000	0.000009882000000
115	0.000020388000000	0.000009344000000
116	0.000016322000000	0.000009280000000
117	0.000016262000000	0.000009344000000
118	0.000016298000000	0.000009400000000
119	0.000016640000000	0.000009578000000
120	0.000016518000000	0.000009612000000
121	0.000016820000000	0.000009788000000
122	0.000016888000000	0.000015470000000
123	0.000016928000000	0.000009376000000
124	0.000016828000000	0.000009436000000
125	0.000021058000000	0.000009814000000
126	0.000017574000000	0.000009706000000
127	0.000017542000000	0.000009446000000
128	0.000032902000000	0.000010254000000
129	0.000017752000000	0.000009774000000
130	0.000017726000000	0.000009380000000
131	0.000017792000000	0.000009440000000
132	0.000017712000000	0.000009418000000
133	0.000018368000000	0.000009750000000
134	0.000017714000000	0.000009804000000
135	0.000022408000000	0.000009528000000
136	0.000018104000000	0.000009436000000
137	0.000018460000000	0.000009534000000
138	0.000018642000000	0.000009788000000
139	0.000019212000000	0.000009436000000
140	0.000019614000000	0.000009740000000
141	0.000018736000000	0.000010148000000
142	0.000023024000000	0.000009700000000
143	0.000018944000000	0.000009470000000
144	0.000030914000000	0.000013602000000
145	0.000019584000000	0.000009870000000
146	0.000018956000000	0.000009486000000
147	0.000019022000000	0.000009518000000
148	0.000030700000000	0.000009524000000
149	0.000019244000000	0.000009618000000
150	0.000019126000000	0.000009518000000
151	0.000019776000000	0.000009744000000
152	0.000019530000000	0.000009548000000
153	0.000020094000000	0.000009790000000
154	0.000023562000000	0.000009696000000
155	0.000019722000000	0.000009458000000
156	0.000019976000000	0.000009792000000
157	0.000020014000000	0.000009528000000
158	0.000021412000000	0.000009548000000
159	0.000019826000000	0.000009724000000
160	0.000020466000000	0.000009522000000
161	0.000020462000000	0.000009536000000
162	0.000021010000000	0.000010250000000
163	0.000020728000000	0.000013548000000
164	0.000020924000000	0.000009742000000
165	0.000020892000000	0.000009584000000
166	0.000073394000000	0.000009730000000
167	0.000020782000000	0.000009694000000
168	0.000021284000000	0.000009540000000
169	0.000021102000000	0.000009616000000
170	0.000023502000000	0.000011680000000
171	0.000021544000000	0.000009590000000
172	0.000021204000000	0.000014270000000
173	0.000021940000000	0.000009760000000
174	0.000021422000000	0.000009586000000
175	0.000022238000000	0.000009648000000
176	0.000021692000000	0.000009768000000
177	0.000022046000000	0.000009964000000
178	0.000023316000000	0.000009530000000
179	0.000022444000000	0.000009846000000
180	0.000022258000000	0.000009624000000
181	0.000022490000000	0.000013766000000
182	0.000022442000000	0.000009592000000
183	0.000022566000000	0.000009844000000
184	0.000022642000000	0.000014730000000
185	0.000029300000000	0.000013276000000
186	0.000022452000000	0.000009906000000
187	0.000023026000000	0.000009804000000
188	0.000031592000000	0.000012008000000
189	0.000025518000000	0.000009752000000
190	0.000027006000000	0.000017196000000
191	0.000023562000000	0.000009814000000
192	0.000023188000000	0.000009712000000
193	0.000023816000000	0.000009682000000
194	0.000023340000000	0.000009736000000
195	0.000023996000000	0.000009958000000
196	0.000023652000000	0.000009904000000
197	0.000024178000000	0.000009760000000
198	0.000023528000000	0.000009696000000
199	0.000027896000000	0.000009742000000
