1	0.0000000200	0.0000000500
2	0.0000000300	0.0000000600
3	0.0000000300	0.0000000700
4	0.0000000500	0.0000000700
5	0.0000000400	0.0000000700
6	0.0000000400	0.0000000800
7	0.0000000500	0.0000000800
8	0.0000000600	0.0000001000
9	0.0000000600	0.0000000700
10	0.0000000600	0.0000001200
11	0.0000000600	0.0000000900
12	0.0000000800	0.0000001200
13	0.0000000700	0.0000001000
14	0.0000000700	0.0000001200
15	0.0000000800	0.0000001100
16	0.0000000900	0.0000001300
17	0.0000000900	0.0000001300
18	0.0000000800	0.0000001300
19	0.0000000900	0.0000001300
20	0.0000001000	0.0000001500
21	0.0000001100	0.0000001600
22	0.0000001100	0.0000001600
23	0.0000001100	0.0000001400
24	0.0000001200	0.0000001300
25	0.0000001300	0.0000001800
26	0.0000001200	0.0000001500
27	0.0000001300	0.0000001700
28	0.0000001200	0.0000001700
29	0.0000001400	0.0000001800
30	0.0000001300	0.0000002100
31	0.0000001400	0.0000002100
32	0.0000001400	0.0000002000
33	0.0000001400	0.0000001900
34	0.0000001400	0.0000002100
35	0.0000001400	0.0000001900
36	0.0000001500	0.0000002200
37	0.0000001600	0.0000002200
38	0.0000001600	0.0000002300
39	0.0000001600	0.0000002400
40	0.0000001800	0.0000002300
41	0.0000001700	0.0000002600
42	0.0000001900	0.0000002100
43	0.0000001700	0.0000002500
44	0.0000001900	0.0000002700
45	0.0000001800	0.0000002500
46	0.0000001900	0.0000003000
47	0.0000001900	0.0000002800
48	0.0000001900	0.0000002600
49	0.0000002000	0.0000002900
50	0.0000002100	0.0000002800
51	0.0000002100	0.0000003000
52	0.0000002000	0.0000002900
53	0.0000002300	0.0000003100
54	0.0000002100	0.0000003100
55	0.0000002200	0.0000003100
56	0.0000002100	0.0000003400
57	0.0000002300	0.0000003400
58	0.0000002200	0.0000003400
59	0.0000002100	0.0000003400
60	0.0000002200	0.0000003100
61	0.0000002400	0.0000003400
62	0.0000002200	0.0000003300
63	0.0000002400	0.0000003800
64	0.0000002400	0.0000003100
65	0.0000002500	0.0000003800
66	0.0000002400	0.0000003400
67	0.0000002300	0.0000003700
68	0.0000002600	0.0000003900
69	0.0000002500	0.0000003900
70	0.0000002300	0.0000003900
71	0.0000002600	0.0000003800
72	0.0000002600	0.0000004200
73	0.0000002700	0.0000004200
74	0.0000002800	0.0000003900
75	0.0000002600	0.0000003900
76	0.0000002900	0.0000004100
77	0.0000002700	0.0000004300
78	0.0000003300	0.0000004300
79	0.0000003000	0.0000004500
80	0.0000002900	0.0000004300
81	0.0000002600	0.0000004200
82	0.0000003100	0.0000004800
83	0.0000002900	0.0000005100
84	0.0000003100	0.0000005300
85	0.0000003200	0.0000004700
86	0.0000003400	0.0000004900
87	0.0000003200	0.0000004600
88	0.0000003000	0.0000004800
89	0.0000003100	0.0000005000
90	0.0000003100	0.0000004300
91	0.0000003400	0.0000004700
92	0.0000003200	0.0000005000
93	0.0000003400	0.0000004900
94	0.0000003400	0.0000005200
95	0.0000003600	0.0000005300
96	0.0000003500	0.0000005100
97	0.0000003600	0.0000004800
98	0.0000003300	0.0000005400
99	0.0000003400	0.0000005200
100	0.0000003500	0.0000005300
101	0.0000003700	0.0000005200
102	0.0000003600	0.0000006100
103	0.0000003400	0.0000005500
104	0.0000003100	0.0000005900
105	0.0000003500	0.0000006000
106	0.0000003700	0.0000005900
107	0.0000003800	0.0000005400
108	0.0000003700	0.0000005800
109	0.0000003700	0.0000005900
110	0.0000003700	0.0000005500
111	0.0000003500	0.0000006600
112	0.0000003600	0.0000006200
113	0.0000003700	0.0000006000
114	0.0000004100	0.0000006000
115	0.0000004000	0.0000006100
116	0.0000004100	0.0000006400
117	0.0000003700	0.0000006400
118	0.0000004200	0.0000006400
119	0.0000004100	0.0000006100
120	0.0000004000	0.0000006100
121	0.0000004300	0.0000007000
122	0.0000003900	0.0000008400
123	0.0000004200	0.0000006300
124	0.0000004300	0.0000006800
125	0.0000004300	0.0000007300
126	0.0000004100	0.0000007100
127	0.0000004000	0.0000007300
128	0.0000004100	0.0000007000
129	0.0000004900	0.0000006500
130	0.0000004800	0.0000006500
131	0.0000004400	0.0000006900
132	0.0000004100	0.0000006900
133	0.0000004600	0.0000007400
134	0.0000004100	0.0000007000
135	0.0000004300	0.0000006600
136	0.0000004300	0.0000007000
137	0.0000004900	0.0000006600
138	0.0000005000	0.0000007400
139	0.0000005000	0.0000007700
140	0.0000004600	0.0000007400
141	0.0000004300	0.0000007000
142	0.0000005300	0.0000007400
143	0.0000005100	0.0000007400
144	0.0000005000	0.0000007500
145	0.0000004700	0.0000007700
146	0.0000005000	0.0000007600
147	0.0000005200	0.0000007400
148	0.0000005100	0.0000007600
149	0.0000004800	0.0000007800
150	0.0000005400	0.0000008100
151	0.0000005300	0.0000008000
152	0.0000005600	0.0000007400
153	0.0000005400	0.0000007900
154	0.0000005200	0.0000008000
155	0.0000005700	0.0000008100
156	0.0000005300	0.0000007500
157	0.0000004900	0.0000007000
158	0.0000005400	0.0000008200
159	0.0000005700	0.0000008500
160	0.0000004800	0.0000008300
161	0.0000005700	0.0000008300
162	0.0000005800	0.0000009300
163	0.0000005000	0.0000008800
164	0.0000005300	0.0000007200
165	0.0000005400	0.0000008000
166	0.0000005800	0.0000008100
167	0.0000005600	0.0000009000
168	0.0000005800	0.0000009300
169	0.0000006600	0.0000008900
170	0.0000005400	0.0000008700
171	0.0000005800	0.0000008700
172	0.0000005200	0.0000009200
173	0.0000005500	0.0000008600
174	0.0000006200	0.0000008900
175	0.0000006400	0.0000008700
176	0.0000006000	0.0000008600
177	0.0000005700	0.0000009500
178	0.0000006000	0.0000008400
179	0.0000005400	0.0000009400
180	0.0000006400	0.0000008700
181	0.0000006400	0.0000008400
182	0.0000005800	0.0000010700
183	0.0000006700	0.0000008700
184	0.0000006300	0.0000009000
185	0.0000006500	0.0000008400
186	0.0000006300	0.0000009100
187	0.0000006100	0.0000009300
188	0.0000006500	0.0000009000
189	0.0000005800	0.0000008700
190	0.0000006000	0.0000009500
191	0.0000006200	0.0000010200
192	0.0000005900	0.0000009500
193	0.0000006400	0.0000010300
194	0.0000006600	0.0000009800
195	0.0000005600	0.0000009200
196	0.0000006700	0.0000010300
197	0.0000006300	0.0000009400
198	0.0000006300	0.0000012100
199	0.0000007200	0.0000009300
200	0.0000006800	0.0000009000
201	0.0000006800	0.0000010400
202	0.0000006700	0.0000010100
203	0.0000006400	0.0000010100
204	0.0000006800	0.0000009600
205	0.0000006500	0.0000010000
206	0.0000005900	0.0000011400
207	0.0000006500	0.0000010000
208	0.0000007200	0.0000010100
209	0.0000006600	0.0000009300
210	0.0000007100	0.0000009900
211	0.0000006900	0.0000010400
212	0.0000007600	0.0000011200
213	0.0000007300	0.0000011000
214	0.0000006800	0.0000010300
215	0.0000006700	0.0000010400
216	0.0000007300	0.0000010400
217	0.0000006800	0.0000011700
218	0.0000007100	0.0000009900
219	0.0000006700	0.0000011000
220	0.0000006500	0.0000009900
221	0.0000006700	0.0000011800
222	0.0000007300	0.0000012100
223	0.0000007100	0.0000010400
224	0.0000007600	0.0000010500
225	0.0000007300	0.0000008700
226	0.0000007100	0.0000010500
227	0.0000006500	0.0000011100
228	0.0000007400	0.0000013400
229	0.0000008000	0.0000011400
230	0.0000007800	0.0000011000
231	0.0000007000	0.0000010500
232	0.0000007400	0.0000009700
233	0.0000008500	0.0000011100
234	0.0000007800	0.0000011200
235	0.0000007500	0.0000010700
236	0.0000007500	0.0000011900
237	0.0000007500	0.0000011800
238	0.0000008400	0.0000013000
239	0.0000008200	0.0000010100
240	0.0000008300	0.0000010800
241	0.0000007000	0.0000012100
242	0.0000007900	0.0000011200
243	0.0000007700	0.0000011700
244	0.0000007800	0.0000012500
245	0.0000008100	0.0000010800
246	0.0000006900	0.0000011900
247	0.0000008400	0.0000011000
248	0.0000007700	0.0000013900
249	0.0000008300	0.0000012800
250	0.0000008100	0.0000012700
251	0.0000008000	0.0000011800
252	0.0000008100	0.0000012500
253	0.0000008000	0.0000012700
254	0.0000008400	0.0000011500
255	0.0000009500	0.0000012000
256	0.0000008000	0.0000011900
257	0.0000007300	0.0000013500
258	0.0000008000	0.0000013700
259	0.0000007800	0.0000012600
260	0.0000008000	0.0000012000
261	0.0000008000	0.0000012300
262	0.0000008800	0.0000013200
263	0.0000008300	0.0000012800
264	0.0000008500	0.0000011300
265	0.0000008200	0.0000012800
266	0.0000008000	0.0000014400
267	0.0000009200	0.0000012500
268	0.0000008900	0.0000012600
269	0.0000008200	0.0000013100
270	0.0000008300	0.0000014100
271	0.0000008500	0.0000013100
272	0.0000009100	0.0000012100
273	0.0000008100	0.0000019300
274	0.0000009400	0.0000013600
275	0.0000008100	0.0000014000
276	0.0000009200	0.0000014000
277	0.0000008700	0.0000013900
278	0.0000009700	0.0000014800
279	0.0000008800	0.0000014100
280	0.0000009600	0.0000014500
281	0.0000008800	0.0000013800
282	0.0000008500	0.0000014900
283	0.0000008600	0.0000014500
284	0.0000010300	0.0000013800
285	0.0000008600	0.0000013800
286	0.0000009500	0.0000013700
287	0.0000009500	0.0000014200
288	0.0000008700	0.0000014100
289	0.0000009300	0.0000013800
290	0.0000008500	0.0000014300
291	0.0000009200	0.0000013000
292	0.0000010800	0.0000015000
293	0.0000009900	0.0000013300
294	0.0000009700	0.0000016000
295	0.0000010000	0.0000013700
296	0.0000009400	0.0000012800
297	0.0000009700	0.0000013900
298	0.0000009200	0.0000014900
299	0.0000009400	0.0000013400
300	0.0000009200	0.0000016900
301	0.0000009200	0.0000015700
302	0.0000009200	0.0000014500
303	0.0000009800	0.0000015500
304	0.0000008600	0.0000013500
305	0.0000011000	0.0000014800
306	0.0000010100	0.0000015600
307	0.0000010200	0.0000013200
308	0.0000009400	0.0000016000
309	0.0000010000	0.0000016200
310	0.0000009100	0.0000016100
311	0.0000008900	0.0000015000
312	0.0000008700	0.0000018100
313	0.0000009800	0.0000015200
314	0.0000010300	0.0000018100
315	0.0000009700	0.0000015000
316	0.0000011200	0.0000014000
317	0.0000009900	0.0000015400
318	0.0000010800	0.0000015400
319	0.0000010100	0.0000015300
320	0.0000010300	0.0000015800
321	0.0000010300	0.0000014900
322	0.0000010100	0.0000014800
323	0.0000010600	0.0000014900
324	0.0000010700	0.0000016600
325	0.0000009600	0.0000017000
326	0.0000011000	0.0000015100
327	0.0000010200	0.0000017100
328	0.0000010600	0.0000016800
329	0.0000010500	0.0000014800
330	0.0000011000	0.0000016400
331	0.0000011500	0.0000014800
332	0.0000010500	0.0000015900
333	0.0000010700	0.0000016600
334	0.0000010800	0.0000016900
335	0.0000010700	0.0000016000
336	0.0000010900	0.0000016900
337	0.0000011000	0.0000016200
338	0.0000011800	0.0000014900
339	0.0000009600	0.0000017700
340	0.0000010500	0.0000017500
341	0.0000011400	0.0000016600
342	0.0000010200	0.0000017100
343	0.0000010700	0.0000015800
344	0.0000011700	0.0000017600
345	0.0000012000	0.0000015700
346	0.0000009900	0.0000016900
347	0.0000012500	0.0000017900
348	0.0000011200	0.0000017700
349	0.0000012000	0.0000017100
350	0.0000010600	0.0000014900
351	0.0000012200	0.0000017300
352	0.0000012400	0.0000019000
353	0.0000012500	0.0000018600
354	0.0000011400	0.0000016300
355	0.0000011800	0.0000018100
356	0.0000011500	0.0000019100
357	0.0000011000	0.0000016800
358	0.0000012000	0.0000020300
359	0.0000011600	0.0000017400
360	0.0000010700	0.0000016500
361	0.0000010600	0.0000019000
362	0.0000012200	0.0000018500
363	0.0000011400	0.0000018900
364	0.0000012800	0.0000017900
365	0.0000011600	0.0000018900
366	0.0000011300	0.0000016700
367	0.0000011900	0.0000017100
368	0.0000012600	0.0000019100
369	0.0000012100	0.0000018300
370	0.0000012700	0.0000019700
371	0.0000012500	0.0000018900
372	0.0000012000	0.0000018800
373	0.0000012100	0.0000019500
374	0.0000012000	0.0000019300
375	0.0000015600	0.0000020700
376	0.0000011900	0.0000026500
377	0.0000016900	0.0000023700
378	0.0000016600	0.0000023400
379	0.0000015100	0.0000022800
380	0.0000015300	0.0000026500
381	0.0000016900	0.0000024300
382	0.0000015200	0.0000022800
383	0.0000012300	0.0000019700
384	0.0000019400	0.0000023200
385	0.0000016000	0.0000023900
386	0.0000014300	0.0000022700
387	0.0000015400	0.0000024700
388	0.0000018600	0.0000023800
389	0.0000016100	0.0000020600
390	0.0000014800	0.0000022800
391	0.0000015200	0.0000022600
392	0.0000015900	0.0000022600
393	0.0000012400	0.0000020000
394	0.0000012000	0.0000019800
395	0.0000012100	0.0000017900
396	0.0000014600	0.0000022800
397	0.0000012600	0.0000019700
398	0.0000013400	0.0000022300
399	0.0000013600	0.0000018900
400	0.0000012900	0.0000021700
401	0.0000012400	0.0000020200
402	0.0000012600	0.0000020600
403	0.0000013000	0.0000020900
404	0.0000012400	0.0000021700
405	0.0000012500	0.0000022100
406	0.0000012200	0.0000021600
407	0.0000013800	0.0000019700
408	0.0000014000	0.0000021500
409	0.0000013200	0.0000020400
410	0.0000013400	0.0000021000
411	0.0000014100	0.0000018500
412	0.0000012100	0.0000020800
413	0.0000013400	0.0000022300
414	0.0000014100	0.0000020300
415	0.0000014700	0.0000022800
416	0.0000014700	0.0000020200
417	0.0000013800	0.0000021300
418	0.0000012900	0.0000023200
419	0.0000013700	0.0000020500
420	0.0000013800	0.0000022600
421	0.0000013700	0.0000020200
422	0.0000014200	0.0000022200
423	0.0000012400	0.0000021600
424	0.0000013600	0.0000022100
425	0.0000014600	0.0000020200
426	0.0000012800	0.0000022500
427	0.0000015000	0.0000027900
428	0.0000014300	0.0000021400
429	0.0000013500	0.0000022700
430	0.0000013400	0.0000021800
431	0.0000014000	0.0000022900
432	0.0000013200	0.0000023800
433	0.0000014400	0.0000021300
434	0.0000014000	0.0000023300
435	0.0000013700	0.0000025100
436	0.0000013800	0.0000021200
437	0.0000014000	0.0000021200
438	0.0000014200	0.0000020000
439	0.0000014200	0.0000023100
440	0.0000013600	0.0000027500
441	0.0000032400	0.0000046400
442	0.0000028200	0.0000042200
443	0.0000026900	0.0000045100
444	0.0000029200	0.0000046200
445	0.0000029500	0.0000046800
446	0.0000016600	0.0000024200
447	0.0000013500	0.0000025800
448	0.0000014700	0.0000021700
449	0.0000014000	0.0000025700
450	0.0000013500	0.0000024200
451	0.0000015100	0.0000023600
452	0.0000016400	0.0000021200
453	0.0000014200	0.0000021700
454	0.0000014700	0.0000025400
455	0.0000015000	0.0000024400
456	0.0000014900	0.0000024600
457	0.0000014300	0.0000021900
458	0.0000014900	0.0000022600
459	0.0000015900	0.0000024600
460	0.0000015600	0.0000026900
461	0.0000014700	0.0000024200
462	0.0000014600	0.0000023900
463	0.0000013600	0.0000022800
464	0.0000014900	0.0000024900
465	0.0000015500	0.0000023800
466	0.0000016000	0.0000027900
467	0.0000015600	0.0000025700
468	0.0000015300	0.0000023900
469	0.0000015000	0.0000022800
470	0.0000014000	0.0000027400
471	0.0000015100	0.0000024500
472	0.0000015100	0.0000025200
473	0.0000014700	0.0000024400
474	0.0000015500	0.0000024800
475	0.0000015100	0.0000023600
476	0.0000015100	0.0000024400
477	0.0000015200	0.0000033900
478	0.0000020900	0.0000026600
479	0.0000025100	0.0000026800
480	0.0000015900	0.0000022000
481	0.0000023900	0.0000030500
482	0.0000026000	0.0000037400
483	0.0000024100	0.0000043200
484	0.0000016700	0.0000026900
485	0.0000016900	0.0000027000
486	0.0000016100	0.0000026400
487	0.0000016500	0.0000025900
488	0.0000016800	0.0000026700
489	0.0000015800	0.0000024200
490	0.0000016000	0.0000026600
491	0.0000017400	0.0000023800
492	0.0000015400	0.0000025800
493	0.0000016000	0.0000026500
494	0.0000016700	0.0000023600
495	0.0000020100	0.0000026000
496	0.0000016200	0.0000027900
497	0.0000015700	0.0000029000
498	0.0000016000	0.0000027600
499	0.0000017800	0.0000027600
500	0.0000015600	0.0000023600
501	0.0000015100	0.0000027700
502	0.0000015600	0.0000025300
503	0.0000014400	0.0000026300
504	0.0000015200	0.0000025800
505	0.0000016100	0.0000025900
506	0.0000016000	0.0000027600
507	0.0000015900	0.0000027200
508	0.0000015100	0.0000027900
509	0.0000017200	0.0000028400
510	0.0000015200	0.0000031400
511	0.0000017200	0.0000024400
512	0.0000014200	0.0000025800
513	0.0000018700	0.0000027400
514	0.0000016800	0.0000026300
515	0.0000017100	0.0000027100
516	0.0000016000	0.0000030800
517	0.0000016900	0.0000027400
518	0.0000017100	0.0000029800
519	0.0000017300	0.0000029800
520	0.0000015200	0.0000025500
521	0.0000015900	0.0000023800
522	0.0000016200	0.0000032300
523	0.0000017400	0.0000028700
524	0.0000017500	0.0000030300
525	0.0000016800	0.0000025200
526	0.0000015700	0.0000028400
527	0.0000018400	0.0000027600
528	0.0000018600	0.0000030500
529	0.0000019100	0.0000030300
530	0.0000016400	0.0000031600
531	0.0000016500	0.0000027600
532	0.0000016200	0.0000029300
533	0.0000018500	0.0000032300
534	0.0000015200	0.0000028200
535	0.0000016800	0.0000030700
536	0.0000018100	0.0000029900
537	0.0000018000	0.0000029000
538	0.0000017200	0.0000026500
539	0.0000016800	0.0000022600
540	0.0000017600	0.0000026200
541	0.0000016200	0.0000030300
542	0.0000017600	0.0000026300
543	0.0000019300	0.0000028800
544	0.0000019200	0.0000030200
545	0.0000017100	0.0000027100
546	0.0000016200	0.0000026500
547	0.0000020100	0.0000029800
548	0.0000017600	0.0000026600
549	0.0000017300	0.0000028700
550	0.0000018500	0.0000031500
551	0.0000018300	0.0000032300
552	0.0000017500	0.0000029900
553	0.0000016600	0.0000029200
554	0.0000023000	0.0000027900
555	0.0000016500	0.0000030800
556	0.0000018200	0.0000032700
557	0.0000019700	0.0000030700
558	0.0000018100	0.0000031000
559	0.0000017100	0.0000029200
560	0.0000017100	0.0000029500
561	0.0000018300	0.0000030600
562	0.0000016900	0.0000031500
563	0.0000016600	0.0000033500
564	0.0000018400	0.0000028600
565	0.0000017700	0.0000033600
566	0.0000016900	0.0000029900
567	0.0000017800	0.0000027300
568	0.0000019100	0.0000029400
569	0.0000017900	0.0000036600
570	0.0000018600	0.0000035200
571	0.0000018600	0.0000033100
572	0.0000019100	0.0000031100
573	0.0000021100	0.0000031400
574	0.0000018500	0.0000029200
575	0.0000018200	0.0000030100
576	0.0000018000	0.0000030300
577	0.0000018100	0.0000032500
578	0.0000019100	0.0000028300
579	0.0000019100	0.0000035200
580	0.0000016400	0.0000029600
581	0.0000019300	0.0000032300
582	0.0000019500	0.0000028600
583	0.0000016500	0.0000034300
584	0.0000017500	0.0000030300
585	0.0000017900	0.0000030000
586	0.0000021000	0.0000033700
587	0.0000019600	0.0000031700
588	0.0000019700	0.0000029700
589	0.0000019700	0.0000032700
590	0.0000017500	0.0000030800
591	0.0000016800	0.0000034200
592	0.0000019200	0.0000037300
593	0.0000016900	0.0000030800
594	0.0000019200	0.0000032900
595	0.0000020100	0.0000029700
596	0.0000017100	0.0000031100
597	0.0000020100	0.0000030800
598	0.0000020100	0.0000032000
599	0.0000019400	0.0000032000
600	0.0000021900	0.0000031300
601	0.0000019800	0.0000029900
602	0.0000018700	0.0000030000
603	0.0000033100	0.0000037900
604	0.0000027000	0.0000037600
605	0.0000022600	0.0000036800
606	0.0000023600	0.0000034900
607	0.0000019200	0.0000029300
608	0.0000026100	0.0000030500
609	0.0000026300	0.0000038500
610	0.0000016800	0.0000030900
611	0.0000018900	0.0000038600
612	0.0000019400	0.0000032400
613	0.0000020000	0.0000035800
614	0.0000019600	0.0000033100
615	0.0000021000	0.0000035900
616	0.0000020500	0.0000033100
617	0.0000019800	0.0000034700
618	0.0000020000	0.0000033500
619	0.0000019400	0.0000033000
620	0.0000020000	0.0000033000
621	0.0000019800	0.0000031900
622	0.0000021100	0.0000035300
623	0.0000020500	0.0000032200
624	0.0000020300	0.0000035500
625	0.0000020500	0.0000032600
626	0.0000019700	0.0000034500
627	0.0000019000	0.0000035300
628	0.0000019200	0.0000034000
629	0.0000020800	0.0000036800
630	0.0000021200	0.0000033800
631	0.0000020000	0.0000030800
632	0.0000020800	0.0000037500
633	0.0000019100	0.0000036600
634	0.0000021600	0.0000034600
635	0.0000020400	0.0000035300
636	0.0000019300	0.0000034400
637	0.0000020400	0.0000033600
638	0.0000022600	0.0000035700
639	0.0000020700	0.0000034600
640	0.0000021200	0.0000033500
641	0.0000022000	0.0000037000
642	0.0000019400	0.0000034500
643	0.0000020700	0.0000033700
644	0.0000020500	0.0000037400
645	0.0000022400	0.0000033300
646	0.0000020200	0.0000034400
647	0.0000021100	0.0000034600
648	0.0000022300	0.0000032800
649	0.0000019900	0.0000038200
650	0.0000018800	0.0000037800
651	0.0000022700	0.0000038600
652	0.0000020000	0.0000031000
653	0.0000022000	0.0000029800
654	0.0000019700	0.0000037200
655	0.0000021100	0.0000035500
656	0.0000020000	0.0000035000
657	0.0000022000	0.0000032700
658	0.0000021100	0.0000034700
659	0.0000020900	0.0000035000
660	0.0000022500	0.0000030000
661	0.0000021500	0.0000040300
662	0.0000020600	0.0000033200
663	0.0000020800	0.0000035300
664	0.0000019500	0.0000037200
665	0.0000022300	0.0000035900
666	0.0000019500	0.0000037200
667	0.0000022800	0.0000040400
668	0.0000022200	0.0000034700
669	0.0000020000	0.0000037400
670	0.0000023900	0.0000035500
671	0.0000022500	0.0000035200
672	0.0000020400	0.0000035900
673	0.0000022900	0.0000039300
674	0.0000022200	0.0000040900
675	0.0000021700	0.0000036600
676	0.0000020400	0.0000036500
677	0.0000023400	0.0000037100
678	0.0000021300	0.0000033200
679	0.0000021100	0.0000041800
680	0.0000022700	0.0000036200
681	0.0000023400	0.0000036500
682	0.0000023500	0.0000039200
683	0.0000023200	0.0000037400
684	0.0000019700	0.0000039300
685	0.0000019900	0.0000036800
686	0.0000022200	0.0000036900
687	0.0000023400	0.0000034900
688	0.0000023100	0.0000038100
689	0.0000023100	0.0000042500
690	0.0000022600	0.0000037900
691	0.0000020300	0.0000039600
692	0.0000024900	0.0000032700
693	0.0000021400	0.0000040500
694	0.0000023300	0.0000032000
695	0.0000023000	0.0000039000
696	0.0000021600	0.0000042000
697	0.0000022900	0.0000039500
698	0.0000021300	0.0000036900
699	0.0000021800	0.0000036200
700	0.0000021800	0.0000041200
701	0.0000023000	0.0000040100
702	0.0000021900	0.0000039100
703	0.0000023300	0.0000037500
704	0.0000022200	0.0000037500
705	0.0000021600	0.0000038000
706	0.0000021900	0.0000037600
707	0.0000026400	0.0000040100
708	0.0000031200	0.0000043200
709	0.0000022000	0.0000036300
710	0.0000022000	0.0000041400
711	0.0000021400	0.0000036500
712	0.0000024000	0.0000041300
713	0.0000024800	0.0000038900
714	0.0000023400	0.0000041800
715	0.0000028400	0.0000037900
716	0.0000023700	0.0000039300
717	0.0000027800	0.0000039800
718	0.0000026500	0.0000044000
719	0.0000025400	0.0000043800
720	0.0000022500	0.0000042100
721	0.0000023300	0.0000039400
722	0.0000022600	0.0000038100
723	0.0000023100	0.0000045300
724	0.0000025600	0.0000036700
725	0.0000023500	0.0000035500
726	0.0000029500	0.0000039900
727	0.0000024700	0.0000036400
728	0.0000027200	0.0000043400
729	0.0000022300	0.0000038800
730	0.0000033100	0.0000046500
731	0.0000050200	0.0000114800
732	0.0000076000	0.0000074000
733	0.0000029400	0.0000039400
734	0.0000028100	0.0000055200
735	0.0000030600	0.0000044500
736	0.0000030400	0.0000040400
737	0.0000022200	0.0000038400
738	0.0000023800	0.0000038000
739	0.0000024000	0.0000042200
740	0.0000023100	0.0000037900
741	0.0000023000	0.0000040800
742	0.0000023800	0.0000048500
743	0.0000023400	0.0000042400
744	0.0000024200	0.0000037300
745	0.0000027300	0.0000040700
746	0.0000021400	0.0000043200
747	0.0000025300	0.0000038600
748	0.0000024800	0.0000040000
749	0.0000020800	0.0000038400
750	0.0000024300	0.0000033500
751	0.0000026200	0.0000041200
752	0.0000025100	0.0000045500
753	0.0000023300	0.0000042100
754	0.0000023400	0.0000037100
755	0.0000022700	0.0000044700
756	0.0000025600	0.0000043100
757	0.0000023900	0.0000042700
758	0.0000026100	0.0000041900
759	0.0000022500	0.0000041900
760	0.0000021800	0.0000044700
761	0.0000025700	0.0000044100
762	0.0000025400	0.0000045800
763	0.0000024800	0.0000034100
764	0.0000029100	0.0000046500
765	0.0000025200	0.0000044500
766	0.0000024000	0.0000037800
767	0.0000023700	0.0000047300
768	0.0000022200	0.0000041900
769	0.0000026000	0.0000037400
770	0.0000022600	0.0000043100
771	0.0000027300	0.0000043100
772	0.0000024600	0.0000040300
773	0.0000023700	0.0000040700
774	0.0000026700	0.0000042700
775	0.0000026300	0.0000042200
776	0.0000025400	0.0000045700
777	0.0000024700	0.0000039000
778	0.0000022800	0.0000044300
779	0.0000026500	0.0000042200
780	0.0000024000	0.0000038700
781	0.0000023800	0.0000047400
782	0.0000027900	0.0000043300
783	0.0000025500	0.0000042900
784	0.0000024200	0.0000044900
785	0.0000023400	0.0000044900
786	0.0000024300	0.0000038100
787	0.0000024500	0.0000044300
788	0.0000024100	0.0000048100
789	0.0000024600	0.0000040100
790	0.0000024500	0.0000039700
791	0.0000025200	0.0000039700
792	0.0000024600	0.0000041800
793	0.0000029300	0.0000042400
794	0.0000024500	0.0000047300
795	0.0000024500	0.0000049300
796	0.0000027200	0.0000044200
797	0.0000025700	0.0000041000
798	0.0000024900	0.0000047500
799	0.0000026200	0.0000042800
800	0.0000026300	0.0000043800
801	0.0000024700	0.0000042200
802	0.0000024600	0.0000051200
803	0.0000024600	0.0000046700
804	0.0000023900	0.0000042100
805	0.0000029100	0.0000040700
806	0.0000024900	0.0000042400
807	0.0000025100	0.0000039900
808	0.0000025400	0.0000046800
809	0.0000025300	0.0000044100
810	0.0000024800	0.0000044800
811	0.0000023800	0.0000049400
812	0.0000023500	0.0000046500
813	0.0000027400	0.0000040500
814	0.0000025900	0.0000044800
815	0.0000028000	0.0000046000
816	0.0000027900	0.0000040800
817	0.0000027100	0.0000041100
818	0.0000025200	0.0000039100
819	0.0000026200	0.0000043700
820	0.0000027000	0.0000041500
821	0.0000025300	0.0000040700
822	0.0000028200	0.0000042700
823	0.0000026000	0.0000045700
824	0.0000023800	0.0000044800
825	0.0000026100	0.0000042900
826	0.0000025600	0.0000047800
827	0.0000025900	0.0000044800
828	0.0000024200	0.0000049400
829	0.0000026200	0.0000037100
830	0.0000023400	0.0000044100
831	0.0000028700	0.0000045500
832	0.0000025700	0.0000044200
833	0.0000030700	0.0000044400
834	0.0000025000	0.0000046900
835	0.0000027000	0.0000044500
836	0.0000027000	0.0000043800
837	0.0000025400	0.0000051800
838	0.0000028200	0.0000044300
839	0.0000026000	0.0000044400
840	0.0000026100	0.0000047000
841	0.0000028100	0.0000048600
842	0.0000024700	0.0000044700
843	0.0000029000	0.0000040100
844	0.0000027400	0.0000045800
845	0.0000027500	0.0000044200
846	0.0000027300	0.0000043800
847	0.0000029400	0.0000045800
848	0.0000025900	0.0000045500
849	0.0000025800	0.0000045200
850	0.0000029900	0.0000046500
851	0.0000027600	0.0000049300
852	0.0000027900	0.0000047200
853	0.0000026400	0.0000050200
854	0.0000027600	0.0000045400
855	0.0000023300	0.0000043700
856	0.0000025800	0.0000043600
857	0.0000028800	0.0000044100
858	0.0000028900	0.0000048400
859	0.0000028200	0.0000051100
860	0.0000036500	0.0000064400
861	0.0000029600	0.0000054800
862	0.0000035900	0.0000066700
863	0.0000034700	0.0000051500
864	0.0000036600	0.0000055300
865	0.0000027000	0.0000048900
866	0.0000029800	0.0000052000
867	0.0000027600	0.0000047300
868	0.0000027800	0.0000049600
869	0.0000028200	0.0000046200
870	0.0000025300	0.0000045100
871	0.0000027600	0.0000047400
872	0.0000028500	0.0000043200
873	0.0000026800	0.0000047400
874	0.0000031300	0.0000047300
875	0.0000025900	0.0000050900
876	0.0000026100	0.0000046500
877	0.0000026700	0.0000051900
878	0.0000028600	0.0000047900
879	0.0000029400	0.0000049800
880	0.0000028100	0.0000039600
881	0.0000030000	0.0000049900
882	0.0000030900	0.0000054900
883	0.0000028900	0.0000047100
884	0.0000028700	0.0000048500
885	0.0000028600	0.0000054600
886	0.0000028400	0.0000043300
887	0.0000027600	0.0000044900
888	0.0000028500	0.0000047300
889	0.0000029100	0.0000052000
890	0.0000029500	0.0000045800
891	0.0000033200	0.0000052000
892	0.0000028800	0.0000049100
893	0.0000027000	0.0000051900
894	0.0000026000	0.0000047000
895	0.0000030100	0.0000040700
896	0.0000025400	0.0000050900
897	0.0000029000	0.0000050300
898	0.0000029600	0.0000054100
899	0.0000030100	0.0000045900
900	0.0000029900	0.0000044300
901	0.0000030600	0.0000046300
902	0.0000028600	0.0000047200
903	0.0000032700	0.0000048100
904	0.0000032500	0.0000053800
905	0.0000027600	0.0000049700
906	0.0000032200	0.0000046800
907	0.0000031700	0.0000049200
908	0.0000027000	0.0000048300
909	0.0000028600	0.0000047500
910	0.0000031600	0.0000052400
911	0.0000029700	0.0000048900
912	0.0000029500	0.0000048800
913	0.0000027100	0.0000048700
914	0.0000026300	0.0000047300
915	0.0000026700	0.0000049900
916	0.0000028100	0.0000054500
917	0.0000034700	0.0000051200
918	0.0000030200	0.0000048800
919	0.0000028400	0.0000052400
920	0.0000031900	0.0000056100
921	0.0000029300	0.0000050300
922	0.0000032100	0.0000048500
923	0.0000029000	0.0000051800
924	0.0000027200	0.0000051700
925	0.0000030100	0.0000058000
926	0.0000030300	0.0000052100
927	0.0000033300	0.0000050600
928	0.0000032600	0.0000048300
929	0.0000032700	0.0000046700
930	0.0000031100	0.0000052700
931	0.0000031100	0.0000049000
932	0.0000028800	0.0000053000
933	0.0000028700	0.0000054600
934	0.0000031500	0.0000050200
935	0.0000033000	0.0000055300
936	0.0000029000	0.0000048600
937	0.0000029100	0.0000052000
938	0.0000031700	0.0000049000
939	0.0000031500	0.0000057300
940	0.0000032500	0.0000049200
941	0.0000028200	0.0000054800
942	0.0000027100	0.0000051500
943	0.0000032500	0.0000047000
944	0.0000031100	0.0000054200
945	0.0000028500	0.0000054300
946	0.0000027300	0.0000055300
947	0.0000031600	0.0000049200
948	0.0000028600	0.0000053300
949	0.0000032300	0.0000056600
950	0.0000035200	0.0000052900
951	0.0000031100	0.0000057400
952	0.0000031300	0.0000055400
953	0.0000031000	0.0000049500
954	0.0000029700	0.0000048100
955	0.0000031800	0.0000050100
956	0.0000030800	0.0000052600
957	0.0000031200	0.0000052600
958	0.0000029400	0.0000054000
959	0.0000027400	0.0000052200
960	0.0000029700	0.0000053900
961	0.0000031500	0.0000052800
962	0.0000028200	0.0000050900
963	0.0000032700	0.0000051300
964	0.0000030600	0.0000052100
965	0.0000030900	0.0000054300
966	0.0000031300	0.0000052300
967	0.0000033800	0.0000054100
968	0.0000032300	0.0000053100
969	0.0000031000	0.0000052500
970	0.0000032100	0.0000057900
971	0.0000033100	0.0000052000
972	0.0000031600	0.0000058700
973	0.0000030200	0.0000057100
974	0.0000031700	0.0000053400
975	0.0000030500	0.0000056300
976	0.0000032800	0.0000057100
977	0.0000029800	0.0000052600
978	0.0000030400	0.0000053000
979	0.0000032500	0.0000051700
980	0.0000030600	0.0000057100
981	0.0000030100	0.0000051300
982	0.0000029500	0.0000049400
983	0.0000035100	0.0000049000
984	0.0000029900	0.0000056000
985	0.0000033600	0.0000054100
986	0.0000032600	0.0000056000
987	0.0000029300	0.0000060400
988	0.0000027700	0.0000056000
989	0.0000032200	0.0000057500
990	0.0000029800	0.0000060100
991	0.0000027900	0.0000055600
992	0.0000044000	0.0000056600
993	0.0000036500	0.0000068500
994	0.0000053500	0.0000075800
995	0.0000035800	0.0000063600
996	0.0000042200	0.0000051900
997	0.0000032400	0.0000050900
998	0.0000031300	0.0000058000
999	0.0000031800	0.0000058600
1000	0.0000030100	0.0000056000
1001	0.0000032000	0.0000053800
1002	0.0000031700	0.0000054300
1003	0.0000030200	0.0000061000
1004	0.0000034000	0.0000052400
1005	0.0000031900	0.0000056700
1006	0.0000033800	0.0000054200
1007	0.0000035200	0.0000057600
1008	0.0000030700	0.0000051700
1009	0.0000034000	0.0000057300
1010	0.0000032700	0.0000050100
1011	0.0000031600	0.0000062400
1012	0.0000032600	0.0000060600
1013	0.0000030800	0.0000055100
1014	0.0000032400	0.0000056600
1015	0.0000035200	0.0000054100
1016	0.0000031500	0.0000050400
1017	0.0000031500	0.0000056900
1018	0.0000032300	0.0000057500
1019	0.0000036300	0.0000055300
1020	0.0000031000	0.0000059700
1021	0.0000031100	0.0000055300
1022	0.0000029900	0.0000057000
1023	0.0000033100	0.0000059600
1024	0.0000036300	0.0000058200
1025	0.0000032300	0.0000056700
1026	0.0000030700	0.0000055600
1027	0.0000035900	0.0000060200
1028	0.0000030800	0.0000053600
1029	0.0000034200	0.0000068200
1030	0.0000032300	0.0000063300
1031	0.0000032100	0.0000057600
1032	0.0000034500	0.0000058300
1033	0.0000033400	0.0000056500
1034	0.0000032900	0.0000057500
1035	0.0000035100	0.0000060700
1036	0.0000034400	0.0000059100
1037	0.0000032500	0.0000057800
1038	0.0000034600	0.0000059800
1039	0.0000035300	0.0000063900
1040	0.0000033400	0.0000054900
1041	0.0000033700	0.0000056900
1042	0.0000033500	0.0000060000
1043	0.0000033500	0.0000057900
1044	0.0000036400	0.0000060400
1045	0.0000034400	0.0000059600
1046	0.0000031100	0.0000059000
1047	0.0000033200	0.0000062500
1048	0.0000033100	0.0000058700
1049	0.0000033900	0.0000055700
1050	0.0000030900	0.0000053300
1051	0.0000037000	0.0000061000
1052	0.0000032200	0.0000054500
1053	0.0000033400	0.0000057800
1054	0.0000030700	0.0000060400
1055	0.0000034300	0.0000057600
1056	0.0000031300	0.0000063900
1057	0.0000035900	0.0000057700
1058	0.0000028800	0.0000050800
1059	0.0000035600	0.0000052800
1060	0.0000032000	0.0000058500
1061	0.0000037200	0.0000050900
1062	0.0000035000	0.0000060700
1063	0.0000033100	0.0000055500
1064	0.0000035000	0.0000058900
1065	0.0000033100	0.0000060500
1066	0.0000038800	0.0000059200
1067	0.0000033000	0.0000054300
1068	0.0000034100	0.0000056400
1069	0.0000032200	0.0000061200
1070	0.0000036300	0.0000056700
1071	0.0000035800	0.0000052900
1072	0.0000033800	0.0000056500
1073	0.0000036100	0.0000058000
1074	0.0000031100	0.0000051800
1075	0.0000036500	0.0000059900
1076	0.0000031500	0.0000054200
1077	0.0000033900	0.0000058300
1078	0.0000031500	0.0000055700
1079	0.0000037000	0.0000052600
1080	0.0000035400	0.0000063700
1081	0.0000031200	0.0000063900
1082	0.0000032600	0.0000061200
1083	0.0000035500	0.0000058100
1084	0.0000033400	0.0000060800
1085	0.0000035400	0.0000067400
1086	0.0000044300	0.0000057800
1087	0.0000032100	0.0000061900
1088	0.0000038000	0.0000057700
1089	0.0000037800	0.0000061800
1090	0.0000034400	0.0000064300
1091	0.0000036300	0.0000058800
1092	0.0000049300	0.0000071800
1093	0.0000031800	0.0000057500
1094	0.0000038700	0.0000064700
1095	0.0000033900	0.0000066000
1096	0.0000036600	0.0000055500
1097	0.0000048900	0.0000068900
1098	0.0000048200	0.0000060500
1099	0.0000038100	0.0000062800
1100	0.0000035400	0.0000058100
1101	0.0000032600	0.0000057100
1102	0.0000036000	0.0000060600
1103	0.0000039300	0.0000069000
1104	0.0000034100	0.0000064300
1105	0.0000037000	0.0000056600
1106	0.0000034700	0.0000057500
1107	0.0000036700	0.0000057100
1108	0.0000038800	0.0000060900
1109	0.0000037900	0.0000057600
1110	0.0000035400	0.0000068600
1111	0.0000033800	0.0000062400
1112	0.0000038500	0.0000056200
1113	0.0000038600	0.0000061300
1114	0.0000035700	0.0000053600
1115	0.0000035700	0.0000061400
1116	0.0000036000	0.0000058400
1117	0.0000039500	0.0000061100
1118	0.0000038500	0.0000069600
1119	0.0000037000	0.0000057200
1120	0.0000057300	0.0000065600
1121	0.0000047000	0.0000071300
1122	0.0000055600	0.0000076000
1123	0.0000047000	0.0000071700
1124	0.0000047600	0.0000078100
1125	0.0000045200	0.0000065000
1126	0.0000045400	0.0000062600
1127	0.0000043500	0.0000069300
1128	0.0000045300	0.0000068800
1129	0.0000034400	0.0000061100
1130	0.0000033800	0.0000065000
1131	0.0000035700	0.0000062100
1132	0.0000031300	0.0000066200
1133	0.0000036400	0.0000065300
1134	0.0000034200	0.0000061800
1135	0.0000035700	0.0000054300
1136	0.0000036700	0.0000064100
1137	0.0000029700	0.0000064300
1138	0.0000034400	0.0000070200
1139	0.0000039800	0.0000065100
1140	0.0000036200	0.0000062900
1141	0.0000037800	0.0000065200
1142	0.0000037900	0.0000073400
1143	0.0000041500	0.0000064900
1144	0.0000036800	0.0000068000
1145	0.0000040700	0.0000065900
1146	0.0000032900	0.0000062900
1147	0.0000035400	0.0000067400
1148	0.0000036300	0.0000061800
1149	0.0000039100	0.0000064600
1150	0.0000032000	0.0000065300
1151	0.0000036000	0.0000058300
1152	0.0000035900	0.0000068300
1153	0.0000036000	0.0000063900
1154	0.0000034000	0.0000071000
1155	0.0000042000	0.0000064900
1156	0.0000038900	0.0000069500
1157	0.0000037800	0.0000054300
1158	0.0000035300	0.0000064300
1159	0.0000039200	0.0000068400
1160	0.0000041500	0.0000061800
1161	0.0000042900	0.0000059200
1162	0.0000037600	0.0000070800
1163	0.0000036700	0.0000065300
1164	0.0000039300	0.0000061500
1165	0.0000040200	0.0000064400
1166	0.0000040000	0.0000070300
1167	0.0000036300	0.0000056800
1168	0.0000035600	0.0000059500
1169	0.0000038200	0.0000059900
1170	0.0000038200	0.0000061000
1171	0.0000040400	0.0000070900
1172	0.0000036500	0.0000066100
1173	0.0000042800	0.0000063000
1174	0.0000034800	0.0000070200
1175	0.0000034100	0.0000062500
1176	0.0000034700	0.0000070400
1177	0.0000035100	0.0000069200
1178	0.0000033400	0.0000061300
1179	0.0000038200	0.0000062900
1180	0.0000034400	0.0000067300
1181	0.0000038300	0.0000064300
1182	0.0000037400	0.0000054400
1183	0.0000038500	0.0000067400
1184	0.0000037500	0.0000063000
1185	0.0000037600	0.0000067600
1186	0.0000038600	0.0000065800
1187	0.0000036300	0.0000063000
1188	0.0000039700	0.0000062100
1189	0.0000038000	0.0000058100
1190	0.0000040500	0.0000059800
1191	0.0000038600	0.0000062100
1192	0.0000040500	0.0000063200
1193	0.0000040200	0.0000060500
1194	0.0000037500	0.0000069700
1195	0.0000041100	0.0000064100
1196	0.0000039700	0.0000067800
1197	0.0000033700	0.0000061800
1198	0.0000037300	0.0000061100
1199	0.0000035300	0.0000067900
1200	0.0000038700	0.0000071900
1201	0.0000037300	0.0000070400
1202	0.0000038500	0.0000066300
1203	0.0000033300	0.0000063100
1204	0.0000042100	0.0000060600
1205	0.0000040000	0.0000069100
1206	0.0000037500	0.0000067400
1207	0.0000040700	0.0000069600
1208	0.0000034800	0.0000066300
1209	0.0000041700	0.0000060100
1210	0.0000039500	0.0000061000
1211	0.0000039000	0.0000061800
1212	0.0000036100	0.0000063900
1213	0.0000037200	0.0000061400
1214	0.0000040800	0.0000066000
1215	0.0000039900	0.0000066200
1216	0.0000039800	0.0000066000
1217	0.0000036100	0.0000068900
1218	0.0000035200	0.0000065000
1219	0.0000045900	0.0000073600
1220	0.0000040400	0.0000069900
1221	0.0000036700	0.0000069300
1222	0.0000039000	0.0000068000
1223	0.0000037200	0.0000071100
1224	0.0000044300	0.0000072700
1225	0.0000039600	0.0000072700
1226	0.0000040700	0.0000072900
1227	0.0000039100	0.0000077500
1228	0.0000040300	0.0000066600
1229	0.0000036800	0.0000078400
1230	0.0000059800	0.0000089100
1231	0.0000036800	0.0000059100
1232	0.0000041200	0.0000065500
1233	0.0000038700	0.0000066000
1234	0.0000035500	0.0000063000
1235	0.0000039900	0.0000070600
1236	0.0000039700	0.0000056800
1237	0.0000038800	0.0000068300
1238	0.0000038100	0.0000062800
1239	0.0000040600	0.0000071700
1240	0.0000042400	0.0000072200
1241	0.0000041700	0.0000068300
1242	0.0000042600	0.0000074400
1243	0.0000041500	0.0000072100
1244	0.0000041200	0.0000066900
1245	0.0000041900	0.0000069000
1246	0.0000042800	0.0000064200
1247	0.0000041200	0.0000070300
1248	0.0000037000	0.0000076600
1249	0.0000046800	0.0000084800
1250	0.0000039400	0.0000085600
1251	0.0000052500	0.0000093900
1252	0.0000060700	0.0000087700
1253	0.0000038200	0.0000069100
1254	0.0000046800	0.0000073300
1255	0.0000038100	0.0000070500
1256	0.0000038100	0.0000070800
1257	0.0000043900	0.0000082800
1258	0.0000032400	0.0000069500
1259	0.0000039600	0.0000070400
1260	0.0000039500	0.0000062000
1261	0.0000040800	0.0000069900
1262	0.0000037800	0.0000066600
1263	0.0000041200	0.0000081700
1264	0.0000040400	0.0000071200
1265	0.0000041300	0.0000071500
1266	0.0000039600	0.0000072600
1267	0.0000047200	0.0000068100
1268	0.0000037800	0.0000074100
1269	0.0000037700	0.0000077500
1270	0.0000036500	0.0000072700
1271	0.0000039900	0.0000069600
1272	0.0000038500	0.0000071200
1273	0.0000035500	0.0000066100
1274	0.0000035100	0.0000066000
1275	0.0000039000	0.0000073200
1276	0.0000038900	0.0000074500
1277	0.0000039100	0.0000080300
1278	0.0000038600	0.0000077500
1279	0.0000039000	0.0000068900
1280	0.0000036300	0.0000070800
1281	0.0000039500	0.0000070200
1282	0.0000040300	0.0000071500
1283	0.0000038600	0.0000069200
1284	0.0000041300	0.0000068800
1285	0.0000038600	0.0000077700
1286	0.0000039900	0.0000067700
1287	0.0000040000	0.0000073100
1288	0.0000045200	0.0000071200
1289	0.0000041600	0.0000069200
1290	0.0000043100	0.0000066700
1291	0.0000040700	0.0000071000
1292	0.0000040600	0.0000063700
1293	0.0000036900	0.0000066900
1294	0.0000038600	0.0000070000
1295	0.0000040100	0.0000072500
1296	0.0000041100	0.0000081700
1297	0.0000038500	0.0000072000
1298	0.0000039400	0.0000065900
1299	0.0000045500	0.0000066400
1300	0.0000040500	0.0000071400
1301	0.0000041000	0.0000070100
1302	0.0000041500	0.0000078400
1303	0.0000040000	0.0000073800
1304	0.0000044600	0.0000068900
1305	0.0000040000	0.0000071200
1306	0.0000041000	0.0000075200
1307	0.0000042700	0.0000072100
1308	0.0000042500	0.0000063400
1309	0.0000043800	0.0000076500
1310	0.0000041100	0.0000075100
1311	0.0000040400	0.0000073400
1312	0.0000043400	0.0000072400
1313	0.0000045500	0.0000074200
1314	0.0000039900	0.0000070400
1315	0.0000046500	0.0000076900
1316	0.0000038000	0.0000074300
1317	0.0000040100	0.0000073600
1318	0.0000044300	0.0000074800
1319	0.0000045200	0.0000074300
1320	0.0000041600	0.0000073500
1321	0.0000043600	0.0000075000
1322	0.0000042500	0.0000077800
1323	0.0000043700	0.0000070600
1324	0.0000041300	0.0000076100
1325	0.0000043900	0.0000074000
1326	0.0000043700	0.0000079100
1327	0.0000042700	0.0000071200
1328	0.0000040900	0.0000079000
1329	0.0000044400	0.0000075900
1330	0.0000040400	0.0000072100
1331	0.0000042100	0.0000065600
1332	0.0000047400	0.0000075500
1333	0.0000046100	0.0000074200
1334	0.0000040900	0.0000074500
1335	0.0000052700	0.0000081400
1336	0.0000044600	0.0000071300
1337	0.0000041500	0.0000073900
1338	0.0000042400	0.0000070200
1339	0.0000038400	0.0000161300
1340	0.0000043500	0.0000068800
1341	0.0000042700	0.0000077400
1342	0.0000042300	0.0000069300
1343	0.0000045100	0.0000072500
1344	0.0000041500	0.0000074700
1345	0.0000045600	0.0000074100
1346	0.0000045700	0.0000081100
1347	0.0000046700	0.0000073500
1348	0.0000043900	0.0000076300
1349	0.0000041300	0.0000068800
1350	0.0000044100	0.0000073100
1351	0.0000042300	0.0000072300
1352	0.0000042100	0.0000071700
1353	0.0000040600	0.0000076200
1354	0.0000049100	0.0000080300
1355	0.0000047700	0.0000071800
1356	0.0000042800	0.0000077200
1357	0.0000040900	0.0000077800
1358	0.0000042900	0.0000069700
1359	0.0000041600	0.0000071000
1360	0.0000040400	0.0000072000
1361	0.0000043200	0.0000070700
1362	0.0000045700	0.0000073100
1363	0.0000048300	0.0000073100
1364	0.0000043300	0.0000085100
1365	0.0000042600	0.0000064600
1366	0.0000039800	0.0000066300
1367	0.0000046700	0.0000081200
1368	0.0000046800	0.0000076900
1369	0.0000040800	0.0000069100
1370	0.0000040500	0.0000071900
1371	0.0000044000	0.0000066400
1372	0.0000043000	0.0000078500
1373	0.0000043800	0.0000078200
1374	0.0000047800	0.0000072500
1375	0.0000041500	0.0000067500
1376	0.0000042700	0.0000076600
1377	0.0000040300	0.0000070400
1378	0.0000044600	0.0000077800
1379	0.0000044600	0.0000084900
1380	0.0000040600	0.0000078300
1381	0.0000054900	0.0000090000
1382	0.0000073000	0.0000110000
1383	0.0000060400	0.0000090800
1384	0.0000059700	0.0000085200
1385	0.0000055100	0.0000078100
1386	0.0000055000	0.0000085800
1387	0.0000050800	0.0000075600
1388	0.0000059000	0.0000071000
1389	0.0000049800	0.0000077200
1390	0.0000044500	0.0000084800
1391	0.0000044500	0.0000080000
1392	0.0000043900	0.0000082000
1393	0.0000047000	0.0000077500
1394	0.0000039300	0.0000080900
1395	0.0000045100	0.0000077900
1396	0.0000046300	0.0000078100
1397	0.0000042800	0.0000073400
1398	0.0000043700	0.0000083100
1399	0.0000044100	0.0000079000
1400	0.0000046100	0.0000081300
1401	0.0000049000	0.0000076700
1402	0.0000043900	0.0000073700
1403	0.0000045700	0.0000081900
1404	0.0000041600	0.0000083500
1405	0.0000046300	0.0000080300
1406	0.0000045300	0.0000074000
1407	0.0000051900	0.0000071100
1408	0.0000046700	0.0000078100
1409	0.0000045000	0.0000071500
1410	0.0000041700	0.0000079800
1411	0.0000044900	0.0000076300
1412	0.0000046800	0.0000076400
1413	0.0000050300	0.0000072900
1414	0.0000044300	0.0000081700
1415	0.0000046700	0.0000079000
1416	0.0000047500	0.0000078100
1417	0.0000044700	0.0000084400
1418	0.0000048100	0.0000082300
1419	0.0000039000	0.0000080200
1420	0.0000040800	0.0000076100
1421	0.0000044300	0.0000076100
1422	0.0000045900	0.0000077400
1423	0.0000044300	0.0000077100
1424	0.0000045400	0.0000078400
1425	0.0000044300	0.0000078900
1426	0.0000040900	0.0000068100
1427	0.0000049300	0.0000085800
1428	0.0000053500	0.0000074900
1429	0.0000041900	0.0000081300
1430	0.0000047500	0.0000068000
1431	0.0000046800	0.0000081300
1432	0.0000042700	0.0000077000
1433	0.0000042500	0.0000067400
1434	0.0000050900	0.0000083300
1435	0.0000049400	0.0000083800
1436	0.0000049300	0.0000085500
1437	0.0000046400	0.0000075700
1438	0.0000045000	0.0000077100
1439	0.0000049100	0.0000087900
1440	0.0000046400	0.0000078800
1441	0.0000048400	0.0000086600
1442	0.0000042300	0.0000076600
1443	0.0000045400	0.0000077700
1444	0.0000046400	0.0000078400
1445	0.0000044900	0.0000081400
1446	0.0000046000	0.0000080600
1447	0.0000045100	0.0000084500
1448	0.0000048700	0.0000073500
1449	0.0000046800	0.0000078500
1450	0.0000039700	0.0000075500
1451	0.0000048000	0.0000074800
1452	0.0000051900	0.0000082000
1453	0.0000047100	0.0000074000
1454	0.0000048400	0.0000087000
1455	0.0000049800	0.0000091800
1456	0.0000049700	0.0000081200
1457	0.0000047500	0.0000080500
1458	0.0000041300	0.0000082400
1459	0.0000051700	0.0000081100
1460	0.0000043600	0.0000079400
1461	0.0000043300	0.0000078700
1462	0.0000039400	0.0000080500
1463	0.0000044900	0.0000095900
1464	0.0000046200	0.0000080300
1465	0.0000048900	0.0000074500
1466	0.0000044700	0.0000081400
1467	0.0000044700	0.0000083100
1468	0.0000044200	0.0000089500
1469	0.0000046000	0.0000081000
1470	0.0000044800	0.0000082300
1471	0.0000051900	0.0000077100
1472	0.0000044300	0.0000080100
1473	0.0000041500	0.0000090600
1474	0.0000047500	0.0000072900
1475	0.0000050300	0.0000078800
1476	0.0000048400	0.0000087000
1477	0.0000051400	0.0000086900
1478	0.0000043100	0.0000083800
1479	0.0000047500	0.0000074500
1480	0.0000040900	0.0000074100
1481	0.0000046900	0.0000079900
1482	0.0000050600	0.0000080900
1483	0.0000044400	0.0000087300
1484	0.0000046200	0.0000081600
1485	0.0000049400	0.0000081400
1486	0.0000100700	0.0000172700
1487	0.0000049500	0.0000085300
1488	0.0000047800	0.0000088800
1489	0.0000047200	0.0000080800
1490	0.0000050000	0.0000080900
1491	0.0000048300	0.0000078500
1492	0.0000048500	0.0000077800
1493	0.0000050200	0.0000081500
1494	0.0000050200	0.0000082900
1495	0.0000046300	0.0000085600
1496	0.0000119200	0.0000146600
1497	0.0000048500	0.0000084200
1498	0.0000044200	0.0000084800
1499	0.0000045700	0.0000089000
