1	0.0000000600	0.0000001100
2	0.0000000600	0.0000001300
3	0.0000000600	0.0000001400
4	0.0000001000	0.0000001800
5	0.0000000800	0.0000001500
6	0.0000000800	0.0000001600
7	0.0000000900	0.0000001300
8	0.0000000900	0.0000001300
9	0.0000001600	0.0000001900
10	0.0000001300	0.0000001900
11	0.0000002000	0.0000003400
12	0.0000001400	0.0000001800
13	0.0000001300	0.0000001500
14	0.0000001400	0.0000001500
15	0.0000001300	0.0000001500
16	0.0000001500	0.0000001600
17	0.0000001500	0.0000001600
18	0.0000001400	0.0000001600
19	0.0000001500	0.0000001600
20	0.0000001700	0.0000001800
21	0.0000001700	0.0000001600
22	0.0000001700	0.0000001700
23	0.0000001700	0.0000001800
24	0.0000001800	0.0000001600
25	0.0000001800	0.0000001800
26	0.0000001900	0.0000001900
27	0.0000001900	0.0000002000
28	0.0000001900	0.0000001900
29	0.0000002000	0.0000001900
30	0.0000002100	0.0000001900
31	0.0000002000	0.0000001900
32	0.0000002000	0.0000001900
33	0.0000002100	0.0000001800
34	0.0000002000	0.0000001800
35	0.0000002100	0.0000001900
36	0.0000002200	0.0000002000
37	0.0000002200	0.0000001900
38	0.0000002200	0.0000002100
39	0.0000002300	0.0000002100
40	0.0000002700	0.0000002200
41	0.0000002500	0.0000002400
42	0.0000002500	0.0000002200
43	0.0000002500	0.0000002400
44	0.0000002700	0.0000002200
45	0.0000002700	0.0000002300
46	0.0000002700	0.0000002400
47	0.0000002700	0.0000002500
48	0.0000002600	0.0000002400
49	0.0000002800	0.0000002500
50	0.0000002900	0.0000002500
51	0.0000003000	0.0000002600
52	0.0000002800	0.0000002600
53	0.0000003000	0.0000002600
54	0.0000003000	0.0000002700
55	0.0000003100	0.0000002500
56	0.0000002900	0.0000002500
57	0.0000003300	0.0000002500
58	0.0000003100	0.0000002500
59	0.0000003100	0.0000002500
60	0.0000003200	0.0000002400
61	0.0000001900	0.0000001600
62	0.0000001900	0.0000001700
63	0.0000002100	0.0000001600
64	0.0000001600	0.0000001300
65	0.0000001800	0.0000001500
66	0.0000001600	0.0000001300
67	0.0000001700	0.0000001300
68	0.0000001800	0.0000001300
69	0.0000001700	0.0000001400
70	0.0000001600	0.0000001500
71	0.0000001800	0.0000001500
72	0.0000001900	0.0000001500
73	0.0000001900	0.0000001500
74	0.0000002200	0.0000001600
75	0.0000002100	0.0000001300
76	0.0000001700	0.0000001500
77	0.0000001600	0.0000001400
78	0.0000001700	0.0000001600
79	0.0000001800	0.0000001800
80	0.0000001800	0.0000001500
81	0.0000001700	0.0000001600
82	0.0000001800	0.0000001700
83	0.0000001900	0.0000001800
84	0.0000001900	0.0000002200
85	0.0000001900	0.0000001800
86	0.0000002000	0.0000002600
87	0.0000002200	0.0000001700
88	0.0000001700	0.0000002000
89	0.0000001800	0.0000001900
90	0.0000001800	0.0000001700
91	0.0000002100	0.0000001800
92	0.0000002000	0.0000001700
93	0.0000002000	0.0000001800
94	0.0000002000	0.0000002000
95	0.0000002100	0.0000002200
96	0.0000002100	0.0000002200
97	0.0000002100	0.0000002000
98	0.0000002100	0.0000002600
99	0.0000002200	0.0000002300
100	0.0000002300	0.0000003500
101	0.0000002300	0.0000002200
102	0.0000002300	0.0000003400
103	0.0000002100	0.0000002100
104	0.0000001900	0.0000002600
105	0.0000002800	0.0000002600
106	0.0000002600	0.0000003000
107	0.0000002300	0.0000002500
108	0.0000002200	0.0000002500
109	0.0000002300	0.0000002600
110	0.0000002200	0.0000002000
111	0.0000002100	0.0000002500
112	0.0000002100	0.0000002300
113	0.0000002300	0.0000002300
114	0.0000002400	0.0000002200
115	0.0000002300	0.0000002200
116	0.0000002400	0.0000002400
117	0.0000002400	0.0000002800
118	0.0000002400	0.0000002400
119	0.0000002300	0.0000002300
120	0.0000002300	0.0000002500
121	0.0000004800	0.0000003500
122	0.0000007600	0.0000004600
123	0.0000002400	0.0000002300
124	0.0000002500	0.0000002600
125	0.0000002500	0.0000002800
126	0.0000002500	0.0000002800
127	0.0000002300	0.0000003000
128	0.0000002400	0.0000002800
129	0.0000003500	0.0000002500
130	0.0000002800	0.0000002600
131	0.0000002600	0.0000002800
132	0.0000003300	0.0000002800
133	0.0000002600	0.0000003100
134	0.0000002500	0.0000003100
135	0.0000002600	0.0000002700
136	0.0000002500	0.0000002800
137	0.0000002900	0.0000002800
138	0.0000002800	0.0000003000
139	0.0000002800	0.0000003000
140	0.0000002600	0.0000003000
141	0.0000002500	0.0000002900
142	0.0000003100	0.0000002900
143	0.0000003000	0.0000003000
144	0.0000002900	0.0000003000
145	0.0000002700	0.0000003000
146	0.0000002800	0.0000003400
147	0.0000003000	0.0000003200
148	0.0000003000	0.0000003000
149	0.0000002900	0.0000003100
150	0.0000003100	0.0000003100
151	0.0000003100	0.0000003200
152	0.0000003200	0.0000002900
153	0.0000003100	0.0000003200
154	0.0000003100	0.0000003300
155	0.0000003400	0.0000003000
156	0.0000003100	0.0000003000
157	0.0000002900	0.0000003100
158	0.0000003100	0.0000003200
159	0.0000003400	0.0000003400
160	0.0000002900	0.0000003700
161	0.0000003300	0.0000003800
162	0.0000003400	0.0000004600
163	0.0000002900	0.0000004100
164	0.0000003200	0.0000003600
165	0.0000004000	0.0000004800
166	0.0000004400	0.0000004000
167	0.0000003200	0.0000004200
168	0.0000003500	0.0000006400
169	0.0000003000	0.0000004300
170	0.0000003200	0.0000004100
171	0.0000003400	0.0000004200
172	0.0000003100	0.0000004300
173	0.0000003300	0.0000003900
174	0.0000003600	0.0000004000
175	0.0000003900	0.0000004100
176	0.0000003600	0.0000004000
177	0.0000003300	0.0000004500
178	0.0000003500	0.0000003800
179	0.0000003200	0.0000004100
180	0.0000003700	0.0000003900
181	0.0000003700	0.0000003700
182	0.0000003600	0.0000004300
183	0.0000003800	0.0000003700
184	0.0000003800	0.0000004200
185	0.0000003700	0.0000003700
186	0.0000003800	0.0000004100
187	0.0000003700	0.0000004400
188	0.0000003900	0.0000003800
189	0.0000003500	0.0000003800
190	0.0000003400	0.0000003900
191	0.0000005600	0.0000005800
192	0.0000003400	0.0000004300
193	0.0000003800	0.0000004700
194	0.0000003800	0.0000004500
195	0.0000003300	0.0000004300
196	0.0000004000	0.0000004600
197	0.0000003600	0.0000004400
198	0.0000003800	0.0000004200
199	0.0000004300	0.0000004400
200	0.0000004100	0.0000003700
201	0.0000004000	0.0000005100
202	0.0000004000	0.0000004600
203	0.0000003900	0.0000004800
204	0.0000004000	0.0000004500
205	0.0000003700	0.0000004600
206	0.0000003600	0.0000005300
207	0.0000003700	0.0000004500
208	0.0000004400	0.0000004700
209	0.0000003900	0.0000004400
210	0.0000004200	0.0000004600
211	0.0000004100	0.0000004700
212	0.0000004500	0.0000005300
213	0.0000004400	0.0000005300
214	0.0000004000	0.0000004600
215	0.0000003900	0.0000005000
216	0.0000004300	0.0000005200
217	0.0000004300	0.0000006100
218	0.0000004300	0.0000005100
219	0.0000004100	0.0000005600
220	0.0000004000	0.0000005100
221	0.0000004000	0.0000006000
222	0.0000004400	0.0000006300
223	0.0000004200	0.0000005200
224	0.0000004600	0.0000005500
225	0.0000004400	0.0000004700
226	0.0000004300	0.0000005400
227	0.0000004000	0.0000005800
228	0.0000004500	0.0000006400
229	0.0000004700	0.0000006100
230	0.0000004600	0.0000005700
231	0.0000004200	0.0000005500
232	0.0000004600	0.0000005200
233	0.0000005100	0.0000005800
234	0.0000005000	0.0000005700
235	0.0000004700	0.0000005500
236	0.0000004600	0.0000006200
237	0.0000004400	0.0000005400
238	0.0000004700	0.0000005600
239	0.0000004800	0.0000004800
240	0.0000004900	0.0000005000
241	0.0000004300	0.0000005600
242	0.0000004600	0.0000005200
243	0.0000004400	0.0000005400
244	0.0000004600	0.0000005500
245	0.0000004700	0.0000005100
246	0.0000004300	0.0000005500
247	0.0000004700	0.0000005200
248	0.0000004400	0.0000006100
249	0.0000004800	0.0000005900
250	0.0000004800	0.0000005800
251	0.0000004700	0.0000005400
252	0.0000004700	0.0000005800
253	0.0000004600	0.0000006100
254	0.0000004800	0.0000005600
255	0.0000005500	0.0000005700
256	0.0000004700	0.0000005800
257	0.0000004200	0.0000006500
258	0.0000004600	0.0000006600
259	0.0000004700	0.0000005900
260	0.0000004800	0.0000005800
261	0.0000004700	0.0000006100
262	0.0000005200	0.0000006100
263	0.0000005000	0.0000006000
264	0.0000005000	0.0000005500
265	0.0000004900	0.0000006000
266	0.0000004900	0.0000006500
267	0.0000005000	0.0000006100
268	0.0000005300	0.0000005900
269	0.0000004800	0.0000005900
270	0.0000004800	0.0000006100
271	0.0000004900	0.0000006200
272	0.0000005200	0.0000005900
273	0.0000004700	0.0000006000
274	0.0000005400	0.0000006700
275	0.0000004900	0.0000006400
276	0.0000005300	0.0000006100
277	0.0000005200	0.0000006400
278	0.0000005600	0.0000006700
279	0.0000005100	0.0000006300
280	0.0000005500	0.0000006600
281	0.0000008500	0.0000006500
282	0.0000004800	0.0000007000
283	0.0000005000	0.0000007000
284	0.0000005900	0.0000006300
285	0.0000005100	0.0000006500
286	0.0000005600	0.0000006000
287	0.0000005600	0.0000006500
288	0.0000005000	0.0000006500
289	0.0000005500	0.0000006200
290	0.0000005000	0.0000006800
291	0.0000005500	0.0000006300
292	0.0000006300	0.0000006100
293	0.0000005700	0.0000006600
294	0.0000005600	0.0000006400
295	0.0000005800	0.0000006400
296	0.0000005600	0.0000006000
297	0.0000005700	0.0000006300
298	0.0000005400	0.0000006800
299	0.0000005300	0.0000006300
300	0.0000005300	0.0000006600
301	0.0000005400	0.0000007400
302	0.0000005500	0.0000006500
303	0.0000005700	0.0000006900
304	0.0000004900	0.0000006400
305	0.0000006500	0.0000007100
306	0.0000006000	0.0000007100
307	0.0000006000	0.0000006100
308	0.0000005400	0.0000006700
309	0.0000005800	0.0000007600
310	0.0000005500	0.0000007100
311	0.0000005200	0.0000006900
312	0.0000005200	0.0000008100
313	0.0000005800	0.0000006800
314	0.0000006000	0.0000008000
315	0.0000005700	0.0000006900
316	0.0000005700	0.0000006500
317	0.0000006600	0.0000008700
318	0.0000006500	0.0000010000
319	0.0000006400	0.0000009000
320	0.0000006000	0.0000007800
321	0.0000006000	0.0000007000
322	0.0000005800	0.0000006800
323	0.0000006200	0.0000010500
324	0.0000006100	0.0000009400
325	0.0000005600	0.0000007600
326	0.0000006200	0.0000007000
327	0.0000005900	0.0000007500
328	0.0000006100	0.0000007700
329	0.0000006200	0.0000007100
330	0.0000006400	0.0000007800
331	0.0000006600	0.0000006900
332	0.0000006000	0.0000007200
333	0.0000006300	0.0000007500
334	0.0000006500	0.0000007800
335	0.0000006200	0.0000007200
336	0.0000006600	0.0000007600
337	0.0000006400	0.0000007600
338	0.0000006000	0.0000006700
339	0.0000005600	0.0000008200
340	0.0000006200	0.0000007800
341	0.0000006600	0.0000007500
342	0.0000006000	0.0000008200
343	0.0000007200	0.0000007600
344	0.0000006700	0.0000008000
345	0.0000006400	0.0000007600
346	0.0000005700	0.0000007700
347	0.0000007100	0.0000008000
348	0.0000006600	0.0000008200
349	0.0000006900	0.0000007600
350	0.0000006100	0.0000006700
351	0.0000007100	0.0000007700
352	0.0000006800	0.0000008800
353	0.0000007200	0.0000007800
354	0.0000006600	0.0000007500
355	0.0000006800	0.0000008000
356	0.0000006600	0.0000008600
357	0.0000006300	0.0000007700
358	0.0000006800	0.0000008900
359	0.0000006500	0.0000008000
360	0.0000006300	0.0000008200
361	0.0000006300	0.0000008500
362	0.0000007000	0.0000008300
363	0.0000006400	0.0000007900
364	0.0000007500	0.0000007700
365	0.0000006600	0.0000007900
366	0.0000006600	0.0000007300
367	0.0000006900	0.0000008000
368	0.0000007200	0.0000008500
369	0.0000007100	0.0000008100
370	0.0000007300	0.0000008700
371	0.0000007000	0.0000008500
372	0.0000007000	0.0000008200
373	0.0000006900	0.0000008600
374	0.0000006700	0.0000008700
375	0.0000007200	0.0000009200
376	0.0000006700	0.0000008400
377	0.0000006700	0.0000009000
378	0.0000007400	0.0000008800
379	0.0000006900	0.0000008600
380	0.0000006800	0.0000010000
381	0.0000007600	0.0000009100
382	0.0000006900	0.0000008900
383	0.0000007000	0.0000009100
384	0.0000007200	0.0000009000
385	0.0000007100	0.0000009200
386	0.0000008300	0.0000008700
387	0.0000006900	0.0000009500
388	0.0000008400	0.0000009100
389	0.0000007400	0.0000008100
390	0.0000006800	0.0000008800
391	0.0000007100	0.0000008700
392	0.0000007300	0.0000008900
393	0.0000007200	0.0000009100
394	0.0000007400	0.0000009000
395	0.0000006700	0.0000008100
396	0.0000008300	0.0000010200
397	0.0000007200	0.0000008200
398	0.0000009200	0.0000009600
399	0.0000010100	0.0000014600
400	0.0000010400	0.0000015600
401	0.0000009600	0.0000012000
402	0.0000009500	0.0000015100
403	0.0000009600	0.0000014400
404	0.0000007200	0.0000012800
405	0.0000007700	0.0000013700
406	0.0000007600	0.0000013900
407	0.0000012600	0.0000012600
408	0.0000007900	0.0000013100
409	0.0000008000	0.0000012300
410	0.0000007800	0.0000012700
411	0.0000008300	0.0000010900
412	0.0000007200	0.0000012500
413	0.0000008200	0.0000013500
414	0.0000008400	0.0000012100
415	0.0000008700	0.0000013600
416	0.0000008200	0.0000012700
417	0.0000008300	0.0000013000
418	0.0000007900	0.0000013800
419	0.0000008300	0.0000012300
420	0.0000008000	0.0000013900
421	0.0000008200	0.0000012100
422	0.0000008400	0.0000013100
423	0.0000007500	0.0000013400
424	0.0000008000	0.0000013300
425	0.0000008500	0.0000012100
426	0.0000007900	0.0000013400
427	0.0000007400	0.0000009300
428	0.0000008100	0.0000009600
429	0.0000007700	0.0000010100
430	0.0000007700	0.0000009900
431	0.0000007900	0.0000010600
432	0.0000007600	0.0000011000
433	0.0000008100	0.0000009800
434	0.0000008000	0.0000012400
435	0.0000007900	0.0000010700
436	0.0000007900	0.0000010000
437	0.0000008100	0.0000009400
438	0.0000008300	0.0000010100
439	0.0000008700	0.0000014800
440	0.0000008000	0.0000013700
441	0.0000008400	0.0000010400
442	0.0000008000	0.0000010200
443	0.0000007800	0.0000010400
444	0.0000008600	0.0000011100
445	0.0000008500	0.0000011000
446	0.0000007900	0.0000011400
447	0.0000007700	0.0000011800
448	0.0000008600	0.0000010200
449	0.0000007400	0.0000011500
450	0.0000007800	0.0000011000
451	0.0000008700	0.0000011100
452	0.0000009500	0.0000009900
453	0.0000008300	0.0000010100
454	0.0000008500	0.0000011400
455	0.0000008900	0.0000011500
456	0.0000008600	0.0000011800
457	0.0000008200	0.0000010100
458	0.0000008500	0.0000010700
459	0.0000009000	0.0000011300
460	0.0000009000	0.0000012000
461	0.0000008600	0.0000013500
462	0.0000008700	0.0000010900
463	0.0000007800	0.0000010200
464	0.0000008700	0.0000013500
465	0.0000008800	0.0000012900
466	0.0000009300	0.0000013500
467	0.0000008800	0.0000011800
468	0.0000009400	0.0000011500
469	0.0000008800	0.0000010600
470	0.0000008400	0.0000014000
471	0.0000008700	0.0000012000
472	0.0000008700	0.0000012400
473	0.0000009100	0.0000015800
474	0.0000009500	0.0000014600
475	0.0000009000	0.0000015300
476	0.0000009300	0.0000011600
477	0.0000008600	0.0000012700
478	0.0000009400	0.0000011100
479	0.0000009400	0.0000012000
480	0.0000008500	0.0000010000
481	0.0000009000	0.0000011300
482	0.0000008800	0.0000013200
483	0.0000008900	0.0000012300
484	0.0000009800	0.0000013100
485	0.0000009400	0.0000013400
486	0.0000013400	0.0000012900
487	0.0000009300	0.0000012100
488	0.0000009600	0.0000013300
489	0.0000009300	0.0000011500
490	0.0000009000	0.0000012300
491	0.0000009900	0.0000011800
492	0.0000009100	0.0000012400
493	0.0000009400	0.0000013100
494	0.0000009600	0.0000011600
495	0.0000009600	0.0000012500
496	0.0000010500	0.0000014900
497	0.0000011100	0.0000020200
498	0.0000011300	0.0000019700
499	0.0000012700	0.0000019900
500	0.0000012600	0.0000016000
501	0.0000012700	0.0000020600
502	0.0000013900	0.0000017300
503	0.0000012500	0.0000019500
504	0.0000014100	0.0000017300
505	0.0000011300	0.0000017600
506	0.0000012200	0.0000028100
507	0.0000010300	0.0000013400
508	0.0000013700	0.0000025400
509	0.0000011000	0.0000017800
510	0.0000009100	0.0000013600
511	0.0000010100	0.0000018900
512	0.0000008600	0.0000015000
513	0.0000018500	0.0000023200
514	0.0000011200	0.0000017800
515	0.0000012100	0.0000019000
516	0.0000011600	0.0000021200
517	0.0000012800	0.0000019000
518	0.0000011900	0.0000020800
519	0.0000012500	0.0000021900
520	0.0000009700	0.0000016100
521	0.0000011300	0.0000018200
522	0.0000013300	0.0000023400
523	0.0000012300	0.0000021100
524	0.0000016500	0.0000019400
525	0.0000011000	0.0000016900
526	0.0000012400	0.0000021600
527	0.0000011700	0.0000017200
528	0.0000011900	0.0000018300
529	0.0000011300	0.0000018300
530	0.0000009600	0.0000016600
531	0.0000009200	0.0000013400
532	0.0000009400	0.0000014100
533	0.0000010800	0.0000015900
534	0.0000008800	0.0000014300
535	0.0000009800	0.0000017900
536	0.0000011700	0.0000020700
537	0.0000010500	0.0000018800
538	0.0000010400	0.0000016500
539	0.0000010100	0.0000013000
540	0.0000011200	0.0000015600
541	0.0000009100	0.0000018200
542	0.0000010300	0.0000015600
543	0.0000011400	0.0000017700
544	0.0000011000	0.0000018000
545	0.0000011900	0.0000016500
546	0.0000009700	0.0000016300
547	0.0000011000	0.0000017500
548	0.0000010300	0.0000015800
549	0.0000010400	0.0000017600
550	0.0000010900	0.0000020500
551	0.0000011000	0.0000019100
552	0.0000010600	0.0000017900
553	0.0000010000	0.0000017600
554	0.0000009600	0.0000015800
555	0.0000010700	0.0000021000
556	0.0000011300	0.0000019700
557	0.0000011800	0.0000018200
558	0.0000010800	0.0000018600
559	0.0000010000	0.0000017000
560	0.0000010700	0.0000018000
561	0.0000011300	0.0000017800
562	0.0000010100	0.0000018500
563	0.0000010100	0.0000019400
564	0.0000011500	0.0000017200
565	0.0000010500	0.0000019100
566	0.0000009600	0.0000017600
567	0.0000010600	0.0000016300
568	0.0000010600	0.0000017800
569	0.0000010400	0.0000021400
570	0.0000011200	0.0000020700
571	0.0000011000	0.0000019500
572	0.0000011600	0.0000019100
573	0.0000012600	0.0000018700
574	0.0000010800	0.0000019800
575	0.0000010500	0.0000016400
576	0.0000010800	0.0000014600
577	0.0000016600	0.0000019800
578	0.0000011300	0.0000017900
579	0.0000010600	0.0000019300
580	0.0000010100	0.0000014700
581	0.0000010900	0.0000016300
582	0.0000011300	0.0000014500
583	0.0000009300	0.0000016900
584	0.0000010200	0.0000015800
585	0.0000022600	0.0000042600
586	0.0000034700	0.0000050000
587	0.0000031200	0.0000019400
588	0.0000011400	0.0000015100
589	0.0000011700	0.0000016800
590	0.0000010400	0.0000015500
591	0.0000010300	0.0000020100
592	0.0000011700	0.0000021400
593	0.0000009900	0.0000017900
594	0.0000012000	0.0000019800
595	0.0000012000	0.0000018600
596	0.0000010200	0.0000015800
597	0.0000012500	0.0000018300
598	0.0000011700	0.0000019600
599	0.0000011300	0.0000018700
600	0.0000012700	0.0000015500
601	0.0000011400	0.0000015000
602	0.0000011000	0.0000014600
603	0.0000011800	0.0000014400
604	0.0000011300	0.0000017200
605	0.0000010300	0.0000017200
606	0.0000010300	0.0000016500
607	0.0000011200	0.0000015600
608	0.0000011000	0.0000017600
609	0.0000012500	0.0000023500
610	0.0000010500	0.0000018700
611	0.0000013900	0.0000023100
612	0.0000012000	0.0000021900
613	0.0000011400	0.0000027200
614	0.0000012100	0.0000020800
615	0.0000011500	0.0000021000
616	0.0000012100	0.0000020200
617	0.0000012100	0.0000020800
618	0.0000011900	0.0000020000
619	0.0000011200	0.0000019300
620	0.0000013800	0.0000021200
621	0.0000012300	0.0000021700
622	0.0000012100	0.0000021100
623	0.0000013800	0.0000023400
624	0.0000012500	0.0000020600
625	0.0000012300	0.0000019600
626	0.0000011400	0.0000021000
627	0.0000010800	0.0000021000
628	0.0000011100	0.0000020000
629	0.0000012500	0.0000022500
630	0.0000012400	0.0000019800
631	0.0000011200	0.0000018000
632	0.0000011900	0.0000021100
633	0.0000011400	0.0000022400
634	0.0000012400	0.0000021200
635	0.0000011500	0.0000017400
636	0.0000013600	0.0000022200
637	0.0000012200	0.0000016900
638	0.0000014600	0.0000024000
639	0.0000026600	0.0000038600
640	0.0000028500	0.0000038000
641	0.0000030900	0.0000044100
642	0.0000028700	0.0000044000
643	0.0000015400	0.0000017300
644	0.0000012200	0.0000018700
645	0.0000012900	0.0000016500
646	0.0000011900	0.0000021000
647	0.0000012800	0.0000017400
648	0.0000013600	0.0000016400
649	0.0000011700	0.0000019400
650	0.0000011300	0.0000018400
651	0.0000013000	0.0000020500
652	0.0000012200	0.0000016500
653	0.0000020400	0.0000034400
654	0.0000022600	0.0000035600
655	0.0000015000	0.0000022600
656	0.0000011700	0.0000018100
657	0.0000013400	0.0000016100
658	0.0000012500	0.0000018000
659	0.0000013200	0.0000019700
660	0.0000013000	0.0000016200
661	0.0000012000	0.0000020000
662	0.0000012200	0.0000016400
663	0.0000013600	0.0000018300
664	0.0000012100	0.0000018200
665	0.0000013400	0.0000018500
666	0.0000012800	0.0000020000
667	0.0000013400	0.0000021100
668	0.0000012700	0.0000016700
669	0.0000012000	0.0000019400
670	0.0000013400	0.0000018100
671	0.0000012700	0.0000017400
672	0.0000012100	0.0000019800
673	0.0000013000	0.0000020700
674	0.0000028000	0.0000040700
675	0.0000022800	0.0000038300
676	0.0000023700	0.0000037400
677	0.0000027500	0.0000038700
678	0.0000015800	0.0000018100
679	0.0000012000	0.0000021700
680	0.0000013000	0.0000019000
681	0.0000013000	0.0000018800
682	0.0000013200	0.0000020200
683	0.0000013700	0.0000019000
684	0.0000011600	0.0000020200
685	0.0000011200	0.0000019000
686	0.0000034100	0.0000050500
687	0.0000032800	0.0000043700
688	0.0000016700	0.0000024800
689	0.0000014400	0.0000025000
690	0.0000013100	0.0000022200
691	0.0000012800	0.0000021000
692	0.0000014400	0.0000016900
693	0.0000012700	0.0000020800
694	0.0000014100	0.0000016000
695	0.0000013800	0.0000020300
696	0.0000013600	0.0000021600
697	0.0000013500	0.0000020100
698	0.0000012400	0.0000019200
699	0.0000012700	0.0000018500
700	0.0000012400	0.0000022300
701	0.0000013600	0.0000021200
702	0.0000013100	0.0000020300
703	0.0000013500	0.0000019800
704	0.0000013300	0.0000019600
705	0.0000012500	0.0000019300
706	0.0000013100	0.0000020000
707	0.0000013200	0.0000017200
708	0.0000014700	0.0000020800
709	0.0000012800	0.0000019000
710	0.0000013200	0.0000021600
711	0.0000012800	0.0000019800
712	0.0000015800	0.0000022700
713	0.0000013500	0.0000019500
714	0.0000013600	0.0000020900
715	0.0000015000	0.0000019100
716	0.0000013500	0.0000019400
717	0.0000013000	0.0000018400
718	0.0000012300	0.0000021900
719	0.0000014000	0.0000024100
720	0.0000012600	0.0000022000
721	0.0000013800	0.0000021000
722	0.0000013500	0.0000019600
723	0.0000012900	0.0000023500
724	0.0000015000	0.0000018400
725	0.0000014100	0.0000018800
726	0.0000013400	0.0000019800
727	0.0000013800	0.0000019400
728	0.0000012500	0.0000022300
729	0.0000012900	0.0000020500
730	0.0000012400	0.0000021700
731	0.0000013600	0.0000020200
732	0.0000014000	0.0000018000
733	0.0000013500	0.0000018300
734	0.0000013500	0.0000023400
735	0.0000014500	0.0000019600
736	0.0000014400	0.0000018300
737	0.0000013400	0.0000019900
738	0.0000013700	0.0000020300
739	0.0000014800	0.0000022200
740	0.0000013100	0.0000020300
741	0.0000014100	0.0000025400
742	0.0000013700	0.0000025100
743	0.0000014700	0.0000026700
744	0.0000014100	0.0000024500
745	0.0000016800	0.0000024800
746	0.0000012000	0.0000024100
747	0.0000014800	0.0000024900
748	0.0000014200	0.0000054600
749	0.0000014300	0.0000024200
750	0.0000014000	0.0000019100
751	0.0000014800	0.0000023800
752	0.0000014300	0.0000023300
753	0.0000013200	0.0000021400
754	0.0000013200	0.0000019400
755	0.0000021400	0.0000033400
756	0.0000017800	0.0000028600
757	0.0000022700	0.0000026900
758	0.0000019900	0.0000024000
759	0.0000012500	0.0000024600
760	0.0000012400	0.0000025700
761	0.0000014500	0.0000025600
762	0.0000013800	0.0000026500
763	0.0000014100	0.0000020200
764	0.0000013400	0.0000025200
765	0.0000015000	0.0000023400
766	0.0000013800	0.0000019800
767	0.0000014400	0.0000025100
768	0.0000013100	0.0000021800
769	0.0000015000	0.0000021400
770	0.0000018200	0.0000025500
771	0.0000015800	0.0000023100
772	0.0000015000	0.0000021100
773	0.0000014400	0.0000020100
774	0.0000015000	0.0000023200
775	0.0000014600	0.0000022800
776	0.0000015200	0.0000023200
777	0.0000014200	0.0000019800
778	0.0000013900	0.0000023100
779	0.0000014900	0.0000023000
780	0.0000013700	0.0000019400
781	0.0000013500	0.0000024500
782	0.0000016500	0.0000022000
783	0.0000014700	0.0000022800
784	0.0000014200	0.0000025200
785	0.0000013400	0.0000023200
786	0.0000016900	0.0000056500
787	0.0000034000	0.0000052100
788	0.0000014300	0.0000025200
789	0.0000014300	0.0000020900
790	0.0000014800	0.0000021100
791	0.0000015100	0.0000020600
792	0.0000014400	0.0000022400
793	0.0000016700	0.0000022500
794	0.0000014700	0.0000026100
795	0.0000014300	0.0000027300
796	0.0000016400	0.0000023800
797	0.0000014600	0.0000021500
798	0.0000015000	0.0000025000
799	0.0000015400	0.0000023000
800	0.0000015100	0.0000022600
801	0.0000015500	0.0000022200
802	0.0000015000	0.0000026000
803	0.0000013800	0.0000024700
804	0.0000014300	0.0000022400
805	0.0000016800	0.0000021900
806	0.0000014600	0.0000021200
807	0.0000014900	0.0000021000
808	0.0000014700	0.0000024500
809	0.0000014700	0.0000022300
810	0.0000014600	0.0000023400
811	0.0000013700	0.0000027100
812	0.0000013800	0.0000024900
813	0.0000016700	0.0000022800
814	0.0000015900	0.0000023900
815	0.0000015900	0.0000024600
816	0.0000016700	0.0000021200
817	0.0000015900	0.0000022400
818	0.0000015000	0.0000020100
819	0.0000014800	0.0000023400
820	0.0000016700	0.0000021700
821	0.0000015400	0.0000022600
822	0.0000016100	0.0000022800
823	0.0000014600	0.0000025900
824	0.0000013400	0.0000025800
825	0.0000014900	0.0000022800
826	0.0000014300	0.0000025500
827	0.0000014600	0.0000023500
828	0.0000014700	0.0000025300
829	0.0000015800	0.0000019500
830	0.0000014200	0.0000023300
831	0.0000016900	0.0000025400
832	0.0000015300	0.0000023000
833	0.0000017800	0.0000023000
834	0.0000014900	0.0000025800
835	0.0000016100	0.0000024800
836	0.0000015600	0.0000023300
837	0.0000014200	0.0000029200
838	0.0000015900	0.0000023200
839	0.0000015400	0.0000024000
840	0.0000015900	0.0000026200
841	0.0000016000	0.0000024900
842	0.0000014300	0.0000023400
843	0.0000016300	0.0000022100
844	0.0000016000	0.0000024600
845	0.0000015600	0.0000022300
846	0.0000016700	0.0000022800
847	0.0000017300	0.0000024800
848	0.0000015000	0.0000023600
849	0.0000016000	0.0000023700
850	0.0000017300	0.0000024800
851	0.0000015400	0.0000028300
852	0.0000016700	0.0000024600
853	0.0000015300	0.0000027000
854	0.0000016700	0.0000025000
855	0.0000013700	0.0000023800
856	0.0000014600	0.0000023300
857	0.0000017100	0.0000023200
858	0.0000016700	0.0000026900
859	0.0000015100	0.0000025100
860	0.0000015900	0.0000027400
861	0.0000016700	0.0000025300
862	0.0000016200	0.0000026700
863	0.0000016000	0.0000022700
864	0.0000017400	0.0000026600
865	0.0000016100	0.0000025100
866	0.0000017200	0.0000026600
867	0.0000015900	0.0000025800
868	0.0000015300	0.0000027600
869	0.0000015900	0.0000024400
870	0.0000015200	0.0000026900
871	0.0000019600	0.0000028200
872	0.0000017200	0.0000024800
873	0.0000015900	0.0000030300
874	0.0000017600	0.0000025400
875	0.0000014700	0.0000029600
876	0.0000015700	0.0000028400
877	0.0000015100	0.0000027800
878	0.0000016500	0.0000032500
879	0.0000016600	0.0000028400
880	0.0000016100	0.0000021800
881	0.0000018400	0.0000025200
882	0.0000019500	0.0000035100
883	0.0000020300	0.0000034100
884	0.0000022600	0.0000035400
885	0.0000017400	0.0000033800
886	0.0000017100	0.0000024700
887	0.0000016100	0.0000026600
888	0.0000016400	0.0000028600
889	0.0000017900	0.0000030100
890	0.0000016900	0.0000027000
891	0.0000017400	0.0000030000
892	0.0000016400	0.0000027100
893	0.0000016000	0.0000029600
894	0.0000015700	0.0000026900
895	0.0000017400	0.0000023900
896	0.0000015100	0.0000029300
897	0.0000016100	0.0000029400
898	0.0000018100	0.0000031900
899	0.0000017000	0.0000027200
900	0.0000017000	0.0000025000
901	0.0000017100	0.0000025600
902	0.0000016200	0.0000025000
903	0.0000018400	0.0000026100
904	0.0000020700	0.0000035900
905	0.0000015600	0.0000027000
906	0.0000018400	0.0000027100
907	0.0000019300	0.0000031900
908	0.0000015900	0.0000026000
909	0.0000017000	0.0000026100
910	0.0000017800	0.0000028900
911	0.0000016900	0.0000025900
912	0.0000017000	0.0000026800
913	0.0000016000	0.0000024900
914	0.0000015800	0.0000024800
915	0.0000015900	0.0000027800
916	0.0000016500	0.0000029600
917	0.0000019900	0.0000028600
918	0.0000018300	0.0000026400
919	0.0000016200	0.0000028600
920	0.0000019600	0.0000032600
921	0.0000017200	0.0000027900
922	0.0000018600	0.0000026400
923	0.0000017300	0.0000027800
924	0.0000015700	0.0000028000
925	0.0000018100	0.0000031200
926	0.0000017900	0.0000027800
927	0.0000019400	0.0000026700
928	0.0000019500	0.0000026000
929	0.0000019400	0.0000023900
930	0.0000019500	0.0000028100
931	0.0000017800	0.0000026700
932	0.0000016500	0.0000027900
933	0.0000018900	0.0000030400
934	0.0000018000	0.0000026100
935	0.0000019900	0.0000029600
936	0.0000017000	0.0000027200
937	0.0000018200	0.0000028300
938	0.0000017800	0.0000027400
939	0.0000017700	0.0000030700
940	0.0000018000	0.0000027400
941	0.0000016300	0.0000030300
942	0.0000016100	0.0000028100
943	0.0000018900	0.0000025500
944	0.0000018200	0.0000029400
945	0.0000017500	0.0000029700
946	0.0000016500	0.0000029900
947	0.0000018700	0.0000027500
948	0.0000016600	0.0000027700
949	0.0000020100	0.0000031000
950	0.0000020300	0.0000029400
951	0.0000018500	0.0000030500
952	0.0000018400	0.0000030500
953	0.0000018000	0.0000027100
954	0.0000017000	0.0000025000
955	0.0000018200	0.0000028300
956	0.0000018100	0.0000027800
957	0.0000018400	0.0000027200
958	0.0000017600	0.0000029300
959	0.0000015500	0.0000026700
960	0.0000017400	0.0000028600
961	0.0000019300	0.0000028300
962	0.0000016400	0.0000027600
963	0.0000018800	0.0000028600
964	0.0000017500	0.0000027500
965	0.0000017400	0.0000029100
966	0.0000018300	0.0000026200
967	0.0000018600	0.0000030100
968	0.0000019200	0.0000030000
969	0.0000018000	0.0000028800
970	0.0000018500	0.0000031600
971	0.0000018600	0.0000028100
972	0.0000018200	0.0000031100
973	0.0000018300	0.0000030200
974	0.0000019500	0.0000031500
975	0.0000017900	0.0000031200
976	0.0000019200	0.0000030300
977	0.0000018000	0.0000028800
978	0.0000017900	0.0000028300
979	0.0000019100	0.0000028700
980	0.0000017900	0.0000029200
981	0.0000017700	0.0000026100
982	0.0000016900	0.0000028300
983	0.0000020600	0.0000025600
984	0.0000017800	0.0000029000
985	0.0000019300	0.0000031200
986	0.0000018800	0.0000030900
987	0.0000016500	0.0000031800
988	0.0000016900	0.0000030400
989	0.0000018400	0.0000030600
990	0.0000017700	0.0000031400
991	0.0000015300	0.0000029200
992	0.0000018600	0.0000029100
993	0.0000016600	0.0000026700
994	0.0000020000	0.0000031200
995	0.0000017400	0.0000031000
996	0.0000018900	0.0000027100
997	0.0000019000	0.0000027600
998	0.0000018200	0.0000030800
999	0.0000017900	0.0000032000
1000	0.0000024000	0.0000040000
1001	0.0000019900	0.0000032300
1002	0.0000020300	0.0000037200
1003	0.0000018500	0.0000035600
1004	0.0000026800	0.0000037200
1005	0.0000024800	0.0000050500
1006	0.0000024400	0.0000036000
1007	0.0000024900	0.0000040100
1008	0.0000020900	0.0000030200
1009	0.0000020300	0.0000030600
1010	0.0000022300	0.0000032400
1011	0.0000019900	0.0000037500
1012	0.0000018100	0.0000035900
1013	0.0000017700	0.0000031900
1014	0.0000019500	0.0000030600
1015	0.0000022500	0.0000028800
1016	0.0000018300	0.0000026800
1017	0.0000016900	0.0000030400
1018	0.0000019400	0.0000033200
1019	0.0000020700	0.0000031000
1020	0.0000017800	0.0000032400
1021	0.0000018700	0.0000030300
1022	0.0000043300	0.0000082300
1023	0.0000025900	0.0000044300
1024	0.0000021000	0.0000033600
1025	0.0000019300	0.0000031500
1026	0.0000018800	0.0000029700
1027	0.0000021400	0.0000034200
1028	0.0000018700	0.0000029600
1029	0.0000019400	0.0000036900
1030	0.0000018900	0.0000036200
1031	0.0000017700	0.0000031100
1032	0.0000020300	0.0000032000
1033	0.0000019800	0.0000030400
1034	0.0000020100	0.0000030000
1035	0.0000020500	0.0000031800
1036	0.0000019900	0.0000030000
1037	0.0000019300	0.0000030200
1038	0.0000019900	0.0000032200
1039	0.0000020500	0.0000036300
1040	0.0000020000	0.0000030500
1041	0.0000020300	0.0000031700
1042	0.0000019700	0.0000034300
1043	0.0000019300	0.0000030900
1044	0.0000019800	0.0000032500
1045	0.0000019200	0.0000034400
1046	0.0000018400	0.0000031600
1047	0.0000019600	0.0000035000
1048	0.0000024000	0.0000032400
1049	0.0000018800	0.0000029900
1050	0.0000017500	0.0000030300
1051	0.0000022000	0.0000034000
1052	0.0000018500	0.0000030100
1053	0.0000020000	0.0000031400
1054	0.0000018400	0.0000033200
1055	0.0000020300	0.0000031400
1056	0.0000018700	0.0000036200
1057	0.0000020100	0.0000030000
1058	0.0000017800	0.0000027700
1059	0.0000020200	0.0000030300
1060	0.0000019200	0.0000031700
1061	0.0000021400	0.0000028200
1062	0.0000019200	0.0000034200
1063	0.0000019100	0.0000031100
1064	0.0000020600	0.0000031900
1065	0.0000019900	0.0000033700
1066	0.0000022300	0.0000031700
1067	0.0000019400	0.0000030900
1068	0.0000020200	0.0000033100
1069	0.0000019100	0.0000033900
1070	0.0000021000	0.0000031300
1071	0.0000021100	0.0000030000
1072	0.0000020300	0.0000031800
1073	0.0000021400	0.0000031100
1074	0.0000018100	0.0000027200
1075	0.0000020500	0.0000032500
1076	0.0000018600	0.0000029000
1077	0.0000020300	0.0000031200
1078	0.0000018600	0.0000031400
1079	0.0000022000	0.0000029700
1080	0.0000020300	0.0000033600
1081	0.0000018400	0.0000034200
1082	0.0000018700	0.0000032800
1083	0.0000019800	0.0000032300
1084	0.0000019800	0.0000033500
1085	0.0000021200	0.0000037000
1086	0.0000022600	0.0000031700
1087	0.0000018200	0.0000034300
1088	0.0000022000	0.0000032200
1089	0.0000022700	0.0000034600
1090	0.0000019800	0.0000035600
1091	0.0000020200	0.0000031900
1092	0.0000021000	0.0000033200
1093	0.0000018400	0.0000032500
1094	0.0000018500	0.0000034400
1095	0.0000020400	0.0000034500
1096	0.0000020900	0.0000027200
1097	0.0000021600	0.0000035100
1098	0.0000021600	0.0000031000
1099	0.0000018500	0.0000032900
1100	0.0000020700	0.0000031500
1101	0.0000019600	0.0000031200
1102	0.0000020600	0.0000032800
1103	0.0000023700	0.0000034300
1104	0.0000020200	0.0000034700
1105	0.0000020700	0.0000030400
1106	0.0000020400	0.0000030700
1107	0.0000021400	0.0000033200
1108	0.0000023100	0.0000033600
1109	0.0000023900	0.0000032800
1110	0.0000020400	0.0000035600
1111	0.0000019600	0.0000034300
1112	0.0000021700	0.0000030700
1113	0.0000023100	0.0000033900
1114	0.0000020400	0.0000029400
1115	0.0000020200	0.0000032500
1116	0.0000022000	0.0000031300
1117	0.0000022600	0.0000033500
1118	0.0000022500	0.0000037300
1119	0.0000021400	0.0000030400
1120	0.0000020900	0.0000030100
1121	0.0000021400	0.0000031600
1122	0.0000021200	0.0000031400
1123	0.0000021100	0.0000032900
1124	0.0000021300	0.0000037600
1125	0.0000021400	0.0000033300
1126	0.0000021500	0.0000032100
1127	0.0000020000	0.0000035900
1128	0.0000030500	0.0000047300
1129	0.0000024700	0.0000038800
1130	0.0000029000	0.0000043000
1131	0.0000023400	0.0000037800
1132	0.0000024700	0.0000050200
1133	0.0000024700	0.0000047600
1134	0.0000026700	0.0000043000
1135	0.0000021700	0.0000032500
1136	0.0000022700	0.0000038700
1137	0.0000020200	0.0000045600
1138	0.0000022600	0.0000047800
1139	0.0000025600	0.0000051000
1140	0.0000026700	0.0000041300
1141	0.0000026400	0.0000037800
1142	0.0000022200	0.0000039100
1143	0.0000021500	0.0000035500
1144	0.0000025200	0.0000045000
1145	0.0000023300	0.0000036400
1146	0.0000028300	0.0000047000
1147	0.0000025600	0.0000052200
1148	0.0000023300	0.0000036600
1149	0.0000028900	0.0000062000
1150	0.0000020600	0.0000033700
1151	0.0000024000	0.0000036300
1152	0.0000021800	0.0000041100
1153	0.0000020400	0.0000038000
1154	0.0000019600	0.0000040100
1155	0.0000025000	0.0000035000
1156	0.0000022400	0.0000039300
1157	0.0000023400	0.0000028800
1158	0.0000020100	0.0000034300
1159	0.0000023000	0.0000038300
1160	0.0000022900	0.0000033000
1161	0.0000024800	0.0000033500
1162	0.0000021000	0.0000035600
1163	0.0000020200	0.0000035700
1164	0.0000023100	0.0000033300
1165	0.0000022900	0.0000035400
1166	0.0000022500	0.0000039200
1167	0.0000021500	0.0000032400
1168	0.0000021100	0.0000032800
1169	0.0000024300	0.0000035500
1170	0.0000022900	0.0000032600
1171	0.0000023200	0.0000038900
1172	0.0000020800	0.0000034600
1173	0.0000025200	0.0000033800
1174	0.0000020600	0.0000038200
1175	0.0000019600	0.0000034700
1176	0.0000021500	0.0000039600
1177	0.0000020600	0.0000038700
1178	0.0000019300	0.0000034100
1179	0.0000022100	0.0000034600
1180	0.0000019400	0.0000037000
1181	0.0000020900	0.0000035400
1182	0.0000020800	0.0000030500
1183	0.0000022000	0.0000037700
1184	0.0000021500	0.0000034600
1185	0.0000022400	0.0000035100
1186	0.0000023000	0.0000034600
1187	0.0000021100	0.0000035400
1188	0.0000024400	0.0000035200
1189	0.0000021700	0.0000032800
1190	0.0000023000	0.0000033600
1191	0.0000022900	0.0000034400
1192	0.0000023400	0.0000037700
1193	0.0000023200	0.0000035400
1194	0.0000022300	0.0000040700
1195	0.0000023000	0.0000036600
1196	0.0000023200	0.0000036400
1197	0.0000020800	0.0000033400
1198	0.0000022300	0.0000032800
1199	0.0000020200	0.0000037800
1200	0.0000023300	0.0000038500
1201	0.0000021200	0.0000037300
1202	0.0000021300	0.0000034600
1203	0.0000019800	0.0000035100
1204	0.0000023600	0.0000034500
1205	0.0000024800	0.0000037100
1206	0.0000022600	0.0000036100
1207	0.0000024200	0.0000038200
1208	0.0000020000	0.0000035700
1209	0.0000023200	0.0000035700
1210	0.0000023700	0.0000032500
1211	0.0000021800	0.0000033600
1212	0.0000021100	0.0000034800
1213	0.0000021800	0.0000032500
1214	0.0000023500	0.0000037300
1215	0.0000023600	0.0000038900
1216	0.0000023700	0.0000037100
1217	0.0000022400	0.0000037400
1218	0.0000021600	0.0000037100
1219	0.0000025000	0.0000041000
1220	0.0000023800	0.0000038400
1221	0.0000021700	0.0000038400
1222	0.0000022500	0.0000036500
1223	0.0000021600	0.0000039200
1224	0.0000025800	0.0000040700
1225	0.0000021800	0.0000037100
1226	0.0000023300	0.0000043900
1227	0.0000021900	0.0000041700
1228	0.0000026200	0.0000038300
1229	0.0000022500	0.0000041300
1230	0.0000023300	0.0000036900
1231	0.0000022700	0.0000033000
1232	0.0000024100	0.0000037400
1233	0.0000023000	0.0000036700
1234	0.0000021600	0.0000034600
1235	0.0000023300	0.0000039100
1236	0.0000022400	0.0000030700
1237	0.0000023800	0.0000036700
1238	0.0000022200	0.0000035100
1239	0.0000023500	0.0000040400
1240	0.0000023700	0.0000037300
1241	0.0000024500	0.0000038300
1242	0.0000027100	0.0000041800
1243	0.0000027800	0.0000037900
1244	0.0000025400	0.0000036500
1245	0.0000024700	0.0000036800
1246	0.0000024800	0.0000032700
1247	0.0000023600	0.0000038100
1248	0.0000021700	0.0000041600
1249	0.0000022600	0.0000036800
1250	0.0000023100	0.0000038700
1251	0.0000021300	0.0000038900
1252	0.0000022600	0.0000034600
1253	0.0000022800	0.0000037900
1254	0.0000024700	0.0000042000
1255	0.0000022500	0.0000039500
1256	0.0000030300	0.0000051000
1257	0.0000030900	0.0000050500
1258	0.0000023400	0.0000049100
1259	0.0000032000	0.0000054800
1260	0.0000031800	0.0000050400
1261	0.0000034500	0.0000053900
1262	0.0000024600	0.0000046400
1263	0.0000025500	0.0000053700
1264	0.0000030500	0.0000048900
1265	0.0000025600	0.0000038100
1266	0.0000023300	0.0000040700
1267	0.0000025700	0.0000037100
1268	0.0000022700	0.0000039900
1269	0.0000027400	0.0000047600
1270	0.0000021900	0.0000041300
1271	0.0000024800	0.0000044900
1272	0.0000023400	0.0000044800
1273	0.0000022600	0.0000041400
1274	0.0000022800	0.0000044300
1275	0.0000026200	0.0000052800
1276	0.0000028900	0.0000049100
1277	0.0000031100	0.0000051500
1278	0.0000026300	0.0000043800
1279	0.0000022400	0.0000040100
1280	0.0000021800	0.0000039200
1281	0.0000023700	0.0000039400
1282	0.0000030200	0.0000055200
1283	0.0000023900	0.0000043400
1284	0.0000049100	0.0000092800
1285	0.0000023700	0.0000042600
1286	0.0000026300	0.0000036300
1287	0.0000023600	0.0000039100
1288	0.0000028200	0.0000039800
1289	0.0000025300	0.0000045900
1290	0.0000027300	0.0000037700
1291	0.0000022500	0.0000041600
1292	0.0000024200	0.0000035100
1293	0.0000021900	0.0000035900
1294	0.0000022900	0.0000036500
1295	0.0000023700	0.0000040200
1296	0.0000024100	0.0000045100
1297	0.0000023100	0.0000039500
1298	0.0000023400	0.0000036300
1299	0.0000026800	0.0000035800
1300	0.0000024900	0.0000038800
1301	0.0000025600	0.0000044500
1302	0.0000027100	0.0000043200
1303	0.0000023500	0.0000042400
1304	0.0000025700	0.0000037500
1305	0.0000025000	0.0000038300
1306	0.0000026600	0.0000042100
1307	0.0000030000	0.0000038700
1308	0.0000026300	0.0000036900
1309	0.0000024000	0.0000043300
1310	0.0000024500	0.0000041500
1311	0.0000026500	0.0000061500
1312	0.0000049900	0.0000079500
1313	0.0000052200	0.0000079200
1314	0.0000023900	0.0000037400
1315	0.0000026100	0.0000041300
1316	0.0000022900	0.0000039500
1317	0.0000023400	0.0000041900
1318	0.0000026000	0.0000042400
1319	0.0000026000	0.0000042300
1320	0.0000024100	0.0000039800
1321	0.0000026300	0.0000040600
1322	0.0000025200	0.0000042000
1323	0.0000025200	0.0000039400
1324	0.0000025100	0.0000041400
1325	0.0000025200	0.0000041300
1326	0.0000025200	0.0000044200
1327	0.0000025200	0.0000039800
1328	0.0000023100	0.0000042400
1329	0.0000025100	0.0000042000
1330	0.0000025700	0.0000038600
1331	0.0000024700	0.0000037400
1332	0.0000027800	0.0000040500
1333	0.0000027300	0.0000040800
1334	0.0000024500	0.0000041200
1335	0.0000025900	0.0000044100
1336	0.0000026200	0.0000039500
1337	0.0000025000	0.0000040800
1338	0.0000024000	0.0000038000
1339	0.0000023000	0.0000038400
1340	0.0000025700	0.0000035900
1341	0.0000025000	0.0000043900
1342	0.0000027200	0.0000037600
1343	0.0000025000	0.0000041400
1344	0.0000023700	0.0000041200
1345	0.0000025800	0.0000040400
1346	0.0000027100	0.0000044500
1347	0.0000060300	0.0000108800
1348	0.0000048100	0.0000049300
1349	0.0000025000	0.0000039800
1350	0.0000025900	0.0000037800
1351	0.0000024500	0.0000040600
1352	0.0000023800	0.0000038800
1353	0.0000023500	0.0000043000
1354	0.0000028900	0.0000042700
1355	0.0000026600	0.0000038200
1356	0.0000026800	0.0000041100
1357	0.0000024200	0.0000043200
1358	0.0000024900	0.0000040100
1359	0.0000025400	0.0000039200
1360	0.0000024700	0.0000039600
1361	0.0000025900	0.0000040500
1362	0.0000027400	0.0000040000
1363	0.0000027700	0.0000039900
1364	0.0000023900	0.0000047200
1365	0.0000025300	0.0000034800
1366	0.0000023600	0.0000037400
1367	0.0000027500	0.0000044400
1368	0.0000026200	0.0000041600
1369	0.0000026000	0.0000038900
1370	0.0000023600	0.0000040200
1371	0.0000027600	0.0000042800
1372	0.0000026700	0.0000046900
1373	0.0000030000	0.0000059000
1374	0.0000027400	0.0000042500
1375	0.0000025700	0.0000035900
1376	0.0000025300	0.0000041800
1377	0.0000023600	0.0000037300
1378	0.0000027400	0.0000041900
1379	0.0000027200	0.0000045700
1380	0.0000023100	0.0000041300
1381	0.0000029100	0.0000039000
1382	0.0000028200	0.0000042000
1383	0.0000027900	0.0000044800
1384	0.0000028700	0.0000044000
1385	0.0000025900	0.0000040600
1386	0.0000028500	0.0000045700
1387	0.0000026400	0.0000048300
1388	0.0000029400	0.0000046800
1389	0.0000025500	0.0000045900
1390	0.0000031800	0.0000059100
1391	0.0000034400	0.0000066400
1392	0.0000036600	0.0000052600
1393	0.0000029600	0.0000047700
1394	0.0000025800	0.0000065500
1395	0.0000030800	0.0000053900
1396	0.0000025600	0.0000045700
1397	0.0000025700	0.0000049300
1398	0.0000025800	0.0000043900
1399	0.0000024600	0.0000045200
1400	0.0000025200	0.0000045700
1401	0.0000029400	0.0000044800
1402	0.0000027300	0.0000047700
1403	0.0000026900	0.0000048000
1404	0.0000024800	0.0000044900
1405	0.0000027500	0.0000043700
1406	0.0000026500	0.0000038800
1407	0.0000031000	0.0000040300
1408	0.0000027000	0.0000043200
1409	0.0000026900	0.0000040200
1410	0.0000025800	0.0000043600
1411	0.0000024900	0.0000043400
1412	0.0000029000	0.0000041000
1413	0.0000032100	0.0000045300
1414	0.0000026200	0.0000044500
1415	0.0000026600	0.0000044700
1416	0.0000027200	0.0000041600
1417	0.0000025000	0.0000046600
1418	0.0000027300	0.0000043300
1419	0.0000022400	0.0000044800
1420	0.0000025000	0.0000040000
1421	0.0000024000	0.0000043100
1422	0.0000027200	0.0000042400
1423	0.0000025400	0.0000043400
1424	0.0000026800	0.0000042700
1425	0.0000026200	0.0000045000
1426	0.0000024500	0.0000038400
1427	0.0000026900	0.0000048100
1428	0.0000030500	0.0000042000
1429	0.0000024600	0.0000043900
1430	0.0000026800	0.0000041800
1431	0.0000027100	0.0000044300
1432	0.0000027400	0.0000044300
1433	0.0000027100	0.0000037600
1434	0.0000028900	0.0000046300
1435	0.0000027200	0.0000045000
1436	0.0000028200	0.0000046900
1437	0.0000027800	0.0000042600
1438	0.0000027000	0.0000043100
1439	0.0000028300	0.0000048500
1440	0.0000027800	0.0000040700
1441	0.0000029200	0.0000048600
1442	0.0000025300	0.0000041800
1443	0.0000026200	0.0000041900
1444	0.0000027800	0.0000043300
1445	0.0000026600	0.0000046000
1446	0.0000027400	0.0000045700
1447	0.0000024800	0.0000046600
1448	0.0000028100	0.0000040500
1449	0.0000030600	0.0000042400
1450	0.0000023400	0.0000041100
1451	0.0000027400	0.0000041500
1452	0.0000029200	0.0000045800
1453	0.0000029000	0.0000042000
1454	0.0000026700	0.0000044500
1455	0.0000028100	0.0000049500
1456	0.0000028100	0.0000045900
1457	0.0000028700	0.0000045600
1458	0.0000024400	0.0000043900
1459	0.0000030100	0.0000044400
1460	0.0000025800	0.0000043700
1461	0.0000027100	0.0000044200
1462	0.0000025400	0.0000044700
1463	0.0000027100	0.0000051700
1464	0.0000027400	0.0000045500
1465	0.0000031400	0.0000042300
1466	0.0000026500	0.0000043400
1467	0.0000026000	0.0000048400
1468	0.0000026800	0.0000049200
1469	0.0000026300	0.0000045100
1470	0.0000028400	0.0000044700
1471	0.0000029400	0.0000045000
1472	0.0000027100	0.0000045500
1473	0.0000024800	0.0000048600
1474	0.0000027200	0.0000040500
1475	0.0000028000	0.0000043700
1476	0.0000027000	0.0000046100
1477	0.0000027900	0.0000048900
1478	0.0000028600	0.0000045400
1479	0.0000028900	0.0000041100
1480	0.0000024500	0.0000040200
1481	0.0000027900	0.0000044700
1482	0.0000029800	0.0000044700
1483	0.0000025400	0.0000050000
1484	0.0000028300	0.0000045500
1485	0.0000027900	0.0000043300
1486	0.0000025500	0.0000049100
1487	0.0000027900	0.0000047400
1488	0.0000031300	0.0000047400
1489	0.0000029800	0.0000045300
1490	0.0000029200	0.0000042400
1491	0.0000028600	0.0000048600
1492	0.0000030100	0.0000054000
1493	0.0000030900	0.0000049400
1494	0.0000028700	0.0000047400
1495	0.0000025000	0.0000047900
1496	0.0000031500	0.0000041400
1497	0.0000028600	0.0000046600
1498	0.0000025700	0.0000047500
1499	0.0000026800	0.0000056100
