1	0.0000005200
2	0.0000006300
3	0.0000006500
4	0.0000006400
5	0.0000006700
6	0.0000006600
7	0.0000006800
8	0.0000006700
9	0.0000006900
10	0.0000006500
11	0.0000006600
12	0.0000007500
13	0.0000007000
14	0.0000007000
15	0.0000007000
16	0.0000006700
17	0.0000007300
18	0.0000007100
19	0.0000007400
20	0.0000007100
21	0.0000007200
22	0.0000007900
23	0.0000007500
24	0.0000007100
25	0.0000006800
26	0.0000007100
27	0.0000007300
28	0.0000007400
29	0.0000007400
30	0.0000007200
31	0.0000007500
32	0.0000007300
33	0.0000007900
34	0.0000007500
35	0.0000008000
36	0.0000007100
37	0.0000007700
38	0.0000007500
39	0.0000007900
40	0.0000008000
41	0.0000007800
42	0.0000007900
43	0.0000007500
44	0.0000007900
45	0.0000007000
46	0.0000007500
47	0.0000008100
48	0.0000007300
49	0.0000007300
50	0.0000007300
51	0.0000007000
52	0.0000007800
53	0.0000008100
54	0.0000007400
55	0.0000008000
56	0.0000007600
57	0.0000007500
58	0.0000007600
59	0.0000007500
60	0.0000008200
61	0.0000007600
62	0.0000007400
63	0.0000007800
64	0.0000007800
65	0.0000007700
66	0.0000007600
67	0.0000007700
68	0.0000008000
69	0.0000008200
70	0.0000007800
71	0.0000008600
72	0.0000008900
73	0.0000008000
74	0.0000009000
75	0.0000008100
76	0.0000007500
77	0.0000008200
78	0.0000007700
79	0.0000008300
80	0.0000008100
81	0.0000008000
82	0.0000008300
83	0.0000007800
84	0.0000008100
85	0.0000007900
86	0.0000008100
87	0.0000007900
88	0.0000008000
89	0.0000008200
90	0.0000008200
91	0.0000008300
92	0.0000008200
93	0.0000007600
94	0.0000007500
95	0.0000007600
96	0.0000007800
97	0.0000007600
98	0.0000008300
99	0.0000008200
100	0.0000008400
101	0.0000008100
102	0.0000007700
103	0.0000009000
104	0.0000009600
105	0.0000008200
106	0.0000008100
107	0.0000008300
108	0.0000008000
109	0.0000008000
110	0.0000007800
111	0.0000008200
112	0.0000008600
113	0.0000008400
114	0.0000008200
115	0.0000008700
116	0.0000008700
117	0.0000008700
118	0.0000009400
119	0.0000008200
120	0.0000009100
121	0.0000008500
122	0.0000008400
123	0.0000009400
124	0.0000009400
125	0.0000009000
126	0.0000009000
127	0.0000008600
128	0.0000008500
129	0.0000008700
130	0.0000009200
131	0.0000008800
132	0.0000008300
133	0.0000008300
134	0.0000009500
135	0.0000008900
136	0.0000008800
137	0.0000009500
138	0.0000009500
139	0.0000009200
140	0.0000009200
141	0.0000009300
142	0.0000009300
143	0.0000009600
144	0.0000008500
145	0.0000009000
146	0.0000009200
147	0.0000008500
148	0.0000009300
149	0.0000009600
150	0.0000009600
151	0.0000008600
152	0.0000009200
153	0.0000009900
154	0.0000009000
155	0.0000009200
156	0.0000009600
157	0.0000009300
158	0.0000008900
159	0.0000010000
160	0.0000009800
161	0.0000011700
162	0.0000009500
163	0.0000009600
164	0.0000010400
165	0.0000009500
166	0.0000010200
167	0.0000009300
168	0.0000010100
169	0.0000010100
170	0.0000009400
171	0.0000009900
172	0.0000009800
173	0.0000009300
174	0.0000010000
175	0.0000009600
176	0.0000011700
177	0.0000015300
178	0.0000013000
179	0.0000009500
180	0.0000010000
181	0.0000009700
182	0.0000009700
183	0.0000009800
184	0.0000010800
185	0.0000010700
186	0.0000011200
187	0.0000010400
188	0.0000010200
189	0.0000010200
190	0.0000010000
191	0.0000010400
192	0.0000010500
193	0.0000010800
194	0.0000010200
195	0.0000010100
196	0.0000010000
197	0.0000010000
198	0.0000010800
199	0.0000011500
200	0.0000010500
201	0.0000010900
202	0.0000010400
203	0.0000010500
204	0.0000010300
205	0.0000010500
206	0.0000011000
207	0.0000011200
208	0.0000010900
209	0.0000011000
210	0.0000010900
211	0.0000010400
212	0.0000010400
213	0.0000010900
214	0.0000011100
215	0.0000010400
216	0.0000011500
217	0.0000010700
218	0.0000010600
219	0.0000010800
220	0.0000010700
221	0.0000011700
222	0.0000010700
223	0.0000010700
224	0.0000011100
225	0.0000012700
226	0.0000011700
227	0.0000011600
228	0.0000011400
229	0.0000011300
230	0.0000011400
231	0.0000011500
232	0.0000011800
233	0.0000011800
234	0.0000012500
235	0.0000012100
236	0.0000011600
237	0.0000011900
238	0.0000012000
239	0.0000012100
240	0.0000011500
241	0.0000011600
242	0.0000011900
243	0.0000012200
244	0.0000012100
245	0.0000012100
246	0.0000011900
247	0.0000012300
248	0.0000012000
249	0.0000013300
250	0.0000012100
251	0.0000012600
252	0.0000016000
253	0.0000012800
254	0.0000011900
255	0.0000012500
256	0.0000012300
257	0.0000012100
258	0.0000012900
259	0.0000015800
260	0.0000012300
261	0.0000012400
262	0.0000013000
263	0.0000012400
264	0.0000012400
265	0.0000012700
266	0.0000013000
267	0.0000013700
268	0.0000012900
269	0.0000011700
270	0.0000012700
271	0.0000012500
272	0.0000012800
273	0.0000012700
274	0.0000012800
275	0.0000013600
276	0.0000012700
277	0.0000013700
278	0.0000013600
279	0.0000012400
280	0.0000013000
281	0.0000013400
282	0.0000013600
283	0.0000012900
284	0.0000013400
285	0.0000013900
286	0.0000013400
287	0.0000014100
288	0.0000014200
289	0.0000013100
290	0.0000013500
291	0.0000013900
292	0.0000014300
293	0.0000014500
294	0.0000014700
295	0.0000014400
296	0.0000014000
297	0.0000014500
298	0.0000013900
299	0.0000015000
300	0.0000014100
301	0.0000014100
302	0.0000013400
303	0.0000013900
304	0.0000014200
305	0.0000015100
306	0.0000014900
307	0.0000014600
308	0.0000014300
309	0.0000014200
310	0.0000014800
311	0.0000014700
312	0.0000014900
313	0.0000014600
314	0.0000020300
315	0.0000016900
316	0.0000014100
317	0.0000014700
318	0.0000015700
319	0.0000014100
320	0.0000016200
321	0.0000017300
322	0.0000014800
323	0.0000015600
324	0.0000014800
325	0.0000016300
326	0.0000015800
327	0.0000014600
328	0.0000015100
329	0.0000014700
330	0.0000014600
331	0.0000015600
332	0.0000015400
333	0.0000015800
334	0.0000015800
335	0.0000015800
336	0.0000016100
337	0.0000016300
338	0.0000018000
339	0.0000018400
340	0.0000017700
341	0.0000016400
342	0.0000015600
343	0.0000015700
344	0.0000014600
345	0.0000016500
346	0.0000019900
347	0.0000036100
348	0.0000038200
349	0.0000035900
350	0.0000031600
351	0.0000031900
352	0.0000033100
353	0.0000027300
354	0.0000020800
355	0.0000018300
356	0.0000016200
357	0.0000016300
358	0.0000017600
359	0.0000017100
360	0.0000016300
361	0.0000017200
362	0.0000017200
363	0.0000016600
364	0.0000017200
365	0.0000016500
366	0.0000017100
367	0.0000017400
368	0.0000017700
369	0.0000017500
370	0.0000017400
371	0.0000016700
372	0.0000017100
373	0.0000017400
374	0.0000017300
375	0.0000017800
376	0.0000017200
377	0.0000018100
378	0.0000017700
379	0.0000018000
380	0.0000017800
381	0.0000018500
382	0.0000018500
383	0.0000018800
384	0.0000018200
385	0.0000018000
386	0.0000018600
387	0.0000018500
388	0.0000019300
389	0.0000018800
390	0.0000018300
391	0.0000018400
392	0.0000018300
393	0.0000018900
394	0.0000018600
395	0.0000019500
396	0.0000019100
397	0.0000018300
398	0.0000018300
399	0.0000019300
400	0.0000018900
401	0.0000019800
402	0.0000018200
403	0.0000021300
404	0.0000019200
405	0.0000018600
406	0.0000019200
407	0.0000019700
408	0.0000019600
409	0.0000018900
410	0.0000019800
411	0.0000019700
412	0.0000020100
413	0.0000018900
414	0.0000019000
415	0.0000018900
416	0.0000018900
417	0.0000019700
418	0.0000019000
419	0.0000018900
420	0.0000019600
421	0.0000019900
422	0.0000019800
423	0.0000020200
424	0.0000020700
425	0.0000020100
426	0.0000020400
427	0.0000020000
428	0.0000020200
429	0.0000019900
430	0.0000020300
431	0.0000021300
432	0.0000019800
433	0.0000021000
434	0.0000020300
435	0.0000021700
436	0.0000023100
437	0.0000022600
438	0.0000020800
439	0.0000020600
440	0.0000020000
441	0.0000020900
442	0.0000020600
443	0.0000020300
444	0.0000020000
445	0.0000021000
446	0.0000021300
447	0.0000020400
448	0.0000021500
449	0.0000020800
450	0.0000022100
451	0.0000021600
452	0.0000021100
453	0.0000021300
454	0.0000021100
455	0.0000021500
456	0.0000020300
457	0.0000021100
458	0.0000020600
459	0.0000022000
460	0.0000021600
461	0.0000020500
462	0.0000021200
463	0.0000022400
464	0.0000023000
465	0.0000023400
466	0.0000022400
467	0.0000021900
468	0.0000026500
469	0.0000051200
470	0.0000066400
471	0.0000050100
472	0.0000047000
473	0.0000046800
474	0.0000042900
475	0.0000045100
476	0.0000048400
477	0.0000048900
478	0.0000046400
479	0.0000046200
480	0.0000046500
481	0.0000033100
482	0.0000028800
483	0.0000022700
484	0.0000022100
485	0.0000022300
486	0.0000022500
487	0.0000025000
488	0.0000025500
489	0.0000024700
490	0.0000024900
491	0.0000024700
492	0.0000025200
493	0.0000025000
494	0.0000025500
495	0.0000024600
496	0.0000025400
497	0.0000025000
498	0.0000024800
499	0.0000026200
500	0.0000025500
501	0.0000025200
502	0.0000025000
503	0.0000023900
504	0.0000023000
505	0.0000024600
506	0.0000022600
507	0.0000024800
508	0.0000023800
509	0.0000023300
510	0.0000025200
511	0.0000025300
512	0.0000025800
513	0.0000026200
514	0.0000025100
515	0.0000025600
516	0.0000025800
517	0.0000025500
518	0.0000026600
519	0.0000024000
520	0.0000024400
521	0.0000024700
522	0.0000023700
523	0.0000025000
524	0.0000023900
525	0.0000024500
526	0.0000025000
527	0.0000024000
528	0.0000024000
529	0.0000025100
530	0.0000024900
531	0.0000024800
532	0.0000026100
533	0.0000024000
534	0.0000025800
535	0.0000024600
536	0.0000024700
537	0.0000024800
538	0.0000024400
539	0.0000026400
540	0.0000024800
541	0.0000024700
542	0.0000025400
543	0.0000025400
544	0.0000026300
545	0.0000026400
546	0.0000024600
547	0.0000025100
548	0.0000025500
549	0.0000026000
550	0.0000025500
551	0.0000024900
552	0.0000026000
553	0.0000025600
554	0.0000024700
555	0.0000026400
556	0.0000025400
557	0.0000026000
558	0.0000026600
559	0.0000025200
560	0.0000026400
561	0.0000027200
562	0.0000026600
563	0.0000026800
564	0.0000027500
565	0.0000025200
566	0.0000026000
567	0.0000026000
568	0.0000026600
569	0.0000025900
570	0.0000026000
571	0.0000025000
572	0.0000026400
573	0.0000026400
574	0.0000026300
575	0.0000026200
576	0.0000026400
577	0.0000025400
578	0.0000026800
579	0.0000026100
580	0.0000026300
581	0.0000025900
582	0.0000027200
583	0.0000027200
584	0.0000026500
585	0.0000027000
586	0.0000026600
587	0.0000026400
588	0.0000027200
589	0.0000026500
590	0.0000026200
591	0.0000027500
592	0.0000026500
593	0.0000026800
594	0.0000027400
595	0.0000026300
596	0.0000027200
597	0.0000027700
598	0.0000028500
599	0.0000027700
600	0.0000027800
601	0.0000026900
602	0.0000029600
603	0.0000026800
604	0.0000027500
605	0.0000027800
606	0.0000029200
607	0.0000026800
608	0.0000029300
609	0.0000027800
610	0.0000029000
611	0.0000027800
612	0.0000028100
613	0.0000027500
614	0.0000028100
615	0.0000026900
616	0.0000029800
617	0.0000027600
618	0.0000027900
619	0.0000027600
620	0.0000029300
621	0.0000028100
622	0.0000027500
623	0.0000027700
624	0.0000027700
625	0.0000028900
626	0.0000028000
627	0.0000027400
628	0.0000027300
629	0.0000028800
630	0.0000028700
631	0.0000027300
632	0.0000030100
633	0.0000029000
634	0.0000028100
635	0.0000029000
636	0.0000028500
637	0.0000029800
638	0.0000028400
639	0.0000028400
640	0.0000029000
641	0.0000029000
642	0.0000028100
643	0.0000030800
644	0.0000028600
645	0.0000029400
646	0.0000028300
647	0.0000028500
648	0.0000029100
649	0.0000029500
650	0.0000039300
651	0.0000032800
652	0.0000029800
653	0.0000029700
654	0.0000033800
655	0.0000029500
656	0.0000028500
657	0.0000030200
658	0.0000032400
659	0.0000030100
660	0.0000030500
661	0.0000030400
662	0.0000031200
663	0.0000033400
664	0.0000031000
665	0.0000031700
666	0.0000029700
667	0.0000028100
668	0.0000028900
669	0.0000029000
670	0.0000029300
671	0.0000029800
672	0.0000030000
673	0.0000030600
674	0.0000029900
675	0.0000029900
676	0.0000031700
677	0.0000029500
678	0.0000031000
679	0.0000030400
680	0.0000030200
681	0.0000029300
682	0.0000031300
683	0.0000030500
684	0.0000031100
685	0.0000030000
686	0.0000031200
687	0.0000030500
688	0.0000030100
689	0.0000029800
690	0.0000030700
691	0.0000030600
692	0.0000030900
693	0.0000031100
694	0.0000030500
695	0.0000030900
696	0.0000031000
697	0.0000031200
698	0.0000031100
699	0.0000032200
700	0.0000030800
701	0.0000030300
702	0.0000030400
703	0.0000030600
704	0.0000030900
705	0.0000032400
706	0.0000031500
707	0.0000030500
708	0.0000030700
709	0.0000031500
710	0.0000033600
711	0.0000031700
712	0.0000031100
713	0.0000031000
714	0.0000030500
715	0.0000031100
716	0.0000030400
717	0.0000031300
718	0.0000030000
719	0.0000031800
720	0.0000031600
721	0.0000031000
722	0.0000031500
723	0.0000032100
724	0.0000031100
725	0.0000031400
726	0.0000031900
727	0.0000032100
728	0.0000032000
729	0.0000031700
730	0.0000031700
731	0.0000034200
732	0.0000033200
733	0.0000033000
734	0.0000031600
735	0.0000032000
736	0.0000032000
737	0.0000031900
738	0.0000032000
739	0.0000032000
740	0.0000032100
741	0.0000031900
742	0.0000032700
743	0.0000032100
744	0.0000031400
745	0.0000032900
746	0.0000032700
747	0.0000032400
748	0.0000032400
749	0.0000031900
750	0.0000032100
751	0.0000032500
752	0.0000033500
753	0.0000032100
754	0.0000034800
755	0.0000033000
756	0.0000032500
757	0.0000034100
758	0.0000033600
759	0.0000032600
760	0.0000032400
761	0.0000033800
762	0.0000033000
763	0.0000034400
764	0.0000033300
765	0.0000033900
766	0.0000033900
767	0.0000033100
768	0.0000033000
769	0.0000033400
770	0.0000033400
771	0.0000033000
772	0.0000033300
773	0.0000034500
774	0.0000033100
775	0.0000033800
776	0.0000033100
777	0.0000033500
778	0.0000033400
779	0.0000034400
780	0.0000033400
781	0.0000033600
782	0.0000033800
783	0.0000034800
784	0.0000033500
785	0.0000034100
786	0.0000034200
787	0.0000033400
788	0.0000034500
789	0.0000033600
790	0.0000034600
791	0.0000034900
792	0.0000034500
793	0.0000035700
794	0.0000034000
795	0.0000034400
796	0.0000034400
797	0.0000036700
798	0.0000039400
799	0.0000039100
800	0.0000036100
801	0.0000035400
802	0.0000035800
803	0.0000038200
804	0.0000035800
805	0.0000035600
806	0.0000035500
807	0.0000036100
808	0.0000035400
809	0.0000035100
810	0.0000033900
811	0.0000036800
812	0.0000038500
813	0.0000036700
814	0.0000035600
815	0.0000035100
816	0.0000034600
817	0.0000035000
818	0.0000035300
819	0.0000035100
820	0.0000035000
821	0.0000035200
822	0.0000035900
823	0.0000035500
824	0.0000036500
825	0.0000035300
826	0.0000035400
827	0.0000036200
828	0.0000034700
829	0.0000034800
830	0.0000035400
831	0.0000036700
832	0.0000036100
833	0.0000035500
834	0.0000035700
835	0.0000036000
836	0.0000035700
837	0.0000039100
838	0.0000035600
839	0.0000036400
840	0.0000036000
841	0.0000036300
842	0.0000036100
843	0.0000036900
844	0.0000036700
845	0.0000035700
846	0.0000037000
847	0.0000036200
848	0.0000037100
849	0.0000036300
850	0.0000037100
851	0.0000036300
852	0.0000036400
853	0.0000037000
854	0.0000037200
855	0.0000041100
856	0.0000043700
857	0.0000042000
858	0.0000052200
859	0.0000038900
860	0.0000038400
861	0.0000038900
862	0.0000037700
863	0.0000037300
864	0.0000037200
865	0.0000040400
866	0.0000043300
867	0.0000039800
868	0.0000039900
869	0.0000038000
870	0.0000038100
871	0.0000040000
872	0.0000085700
873	0.0000076100
874	0.0000077200
875	0.0000053200
876	0.0000039600
877	0.0000037500
878	0.0000037600
879	0.0000036900
880	0.0000041500
881	0.0000039600
882	0.0000038800
883	0.0000038800
884	0.0000038600
885	0.0000037300
886	0.0000036500
887	0.0000037600
888	0.0000037400
889	0.0000039700
890	0.0000038700
891	0.0000042000
892	0.0000038200
893	0.0000038100
894	0.0000037800
895	0.0000038200
896	0.0000036900
897	0.0000042200
898	0.0000037900
899	0.0000046200
900	0.0000047000
901	0.0000038200
902	0.0000038100
903	0.0000037900
904	0.0000038400
905	0.0000038500
906	0.0000037800
907	0.0000039200
908	0.0000037500
909	0.0000038400
910	0.0000038000
911	0.0000038000
912	0.0000038400
913	0.0000038400
914	0.0000037800
915	0.0000042400
916	0.0000038400
917	0.0000039300
918	0.0000038600
919	0.0000038900
920	0.0000038500
921	0.0000039200
922	0.0000039300
923	0.0000038000
924	0.0000039000
925	0.0000038400
926	0.0000039100
927	0.0000039500
928	0.0000039700
929	0.0000039300
930	0.0000038200
931	0.0000040000
932	0.0000038300
933	0.0000038500
934	0.0000039400
935	0.0000040800
936	0.0000039000
937	0.0000039000
938	0.0000039000
939	0.0000038900
940	0.0000038200
941	0.0000039500
942	0.0000039800
943	0.0000038700
944	0.0000042700
945	0.0000039600
946	0.0000039200
947	0.0000039000
948	0.0000039700
949	0.0000040500
950	0.0000040000
951	0.0000039100
952	0.0000040100
953	0.0000040800
954	0.0000040000
955	0.0000039700
956	0.0000039900
957	0.0000040000
958	0.0000039600
959	0.0000039000
960	0.0000039900
961	0.0000039500
962	0.0000042700
963	0.0000039600
964	0.0000039300
965	0.0000039700
966	0.0000040100
967	0.0000040700
968	0.0000039800
969	0.0000039900
970	0.0000039500
971	0.0000042000
972	0.0000040900
973	0.0000039900
974	0.0000040000
975	0.0000040200
976	0.0000040000
977	0.0000040200
978	0.0000040300
979	0.0000041500
980	0.0000040700
981	0.0000040000
982	0.0000040500
983	0.0000040000
984	0.0000039900
985	0.0000041200
986	0.0000040400
987	0.0000040000
988	0.0000041300
989	0.0000040700
990	0.0000040500
991	0.0000041100
992	0.0000040400
993	0.0000041400
994	0.0000040800
995	0.0000041200
996	0.0000041300
997	0.0000040600
998	0.0000041400
999	0.0000040600
